0.741263 0.69231 0.741263 0.496507 0.769232 0.713289
0.69231 0.741263 0.496507 0.769232 0.713289 0.819584
0.741263 0.496507 0.769232 0.713289 0.819584 0.713289
0.496507 0.769232 0.713289 0.819584 0.713289 0.538464
0.769232 0.713289 0.819584 0.713289 0.538464 0.559441
0.713289 0.819584 0.713289 0.538464 0.559441 0.0139869
0.819584 0.713289 0.538464 0.559441 0.0139869 0.531472
0.713289 0.538464 0.559441 0.0139869 0.531472 0.517485
0.538464 0.559441 0.0139869 0.531472 0.517485 0.489511
0.559441 0.0139869 0.531472 0.517485 0.489511 0.233568
0.0139869 0.531472 0.517485 0.489511 0.233568 0.475524
0.531472 0.517485 0.489511 0.233568 0.475524 0.440559 
0.517485 0.489511 0.233568 0.475524 0.440559 0.489511 
0.489511 0.233568 0.475524 0.440559 0.489511 0.376224 
0.233568 0.475524 0.440559 0.489511 0.376224 0.489511 
0.475524 0.440559 0.489511 0.376224 0.489511 0.433568 
0.440559 0.489511 0.376224 0.489511 0.433568 0.475524  