0.138 -0.168 -0.289 0.193 1
0.255 -0.029 0.134 -0.163 1
0.044 0.003 0.048 -0.017 0
0.023 -0.004 -0.026 0.027 0
0.020 -0.034 0.030 -0.033 0
0.003 0.006 0.006 0.032 0
-0.436 0.319 0.110 -0.215 1
0.026 -0.012 0.029 -0.006 0
-0.009 0.008 -0.008 0.018 0
0.026 -0.012 0.029 -0.006 0
0.161 -0.091 0.296 -0.226 1
-0.002 -0.009 0.001 0.019 0
0.066 -0.076 0.078 0.138 1
-0.103 0.191 -0.161 0.084 1
0.502 -0.525 -0.098 0.274 1
0.006 0.026 -0.013 0.052 0
0.049 -0.169 -0.180 0.071 1
0.133 0.097 0.293 -0.072 1
0.160 0.011 0.168 0.112 1
0.152 -0.089 -0.342 0.111 1