0 3.8 3.7 3.5 1.67 3.39
3.8 3.7 3.5 1.67 3.39 3.14
3.7 3.5 1.67 3.39 3.14 3.5
3.5 1.67 3.39 3.14 3.5 2.69
1.67 3.39 3.14 3.5 2.69 3.5
3.39 3.14 3.5 2.69 3.5 3.1
3.14 3.5 2.69 3.5 3.1 3.39
3.5 2.69 3.5 3.1 3.39 2.63
2.69 3.5 3.1 3.39 2.63 3.3
3.5 3.1 3.39 2.63 3.3 3.64
3.10 3.39 2.63 3.3 3.64 3.85
3.39 2.63 3.3 3.64 3.85 4.35
2.63 3.3 3.64 3.85 4.35 4.2
3.3 3.64 3.85 4.35 4.2 7.14
3.64 3.85 4.35 4.2 7.14 5.5
3.85 4.35 4.2 7.14 5.5 4.27
4.35 4.2 7.14 5.5 4.27 6.89
4.20 7.14 5.5 4.27 6.89 6.6
7.14 5.5 4.27 6.89 6.6 7.14
5.5 4.27 6.89 6.6 7.14 5.19
4.27 6.89 6.6 7.14 5.19 6.3
6.89 6.6 7.14 5.19 6.3 4.14
6.60 7.14 5.19 6.3 4.14 3.7
7.14 5.19 6.3 4.14 3.7 5.01


5.19 6.3 4.14 3.7 5.01 3.89
6.3 4.14 3.7 5.01 3.89 4.14
6.3 4.14 3.7 5.01 3.89 3.89
4.14 3.7 5.01 3.89 3.89 4.44
3.7 5.01 3.89 3.89 4.44 4.6



treinamento



5.3 4.95 5.3 3.55 5.5 5.1 
4.95 5.3 3.55 5.5 5.1 5.86
5.3 3.55 5.5 5.1 5.86 5.1
3.55 5.5 5.1 5.86 5.1 3.85
5.5 5.1 5.86 5.1 3.85 4
5.1 5.86 5.1 3.85 4 0.1
5.86 5.1 3.85 4 0.1 3.8
5.1 3.85 4 0.1 3.8 3.7
3.85 4 0.1 3.8 3.7 3.5
4 0.1 3.8 3.7 3.5 1.67

0.1 3.8 3.7 3.5 1.67 3.39
3.8 3.7 3.5 1.67 3.39 3.14
3.7 3.5 1.67 3.39 3.14 3.5
3.5 1.67 3.39 3.14 3.5 2.69