0.984541 0.999023 0.5 0.0545222 0.485714 1 0 0.0869104 0.5 0.666667 0.00242
0.984541 0.999023 0.131579 0.0227936 0.2 0.5 0 0.0871622 0.5 0.333333 0.00242
0.990246 0.999509 1 0.0545222 0.485714 1 0 0.174385 1 0.666667 0.0027588
0.98251 0.99995 0.00555789 0.0519694 0.542857 0.5 0 0.517655 0.5 0.666667 0.0033638
0.98251 0.99995 0.00555789 0.0519694 0.571429 0.5 0 0.517655 0.5 0.666667 0.0033638
0.98251 0.99995 0.00555789 0.0519694 0.6 0.5 0 0.517655 0.5 0.666667 0.0033638
0.98251 0.99995 0.00555789 0.0519694 0.657143 0.5 0 0.517655 0.5 0.666667 0.0033638
0.98251 0.99995 0.00555789 0.0519694 0.685714 0.5 0 0.517655 0.5 0.666667 0.0033638
0.990246 0.999509 0.0342105 0.0545222 0.714286 1 0 0.174385 0.5 0.666667 0.0034122
0.990246 0.999509 0.0342105 0.0545222 0.742857 1 0 0.174385 0.5 0.666667 0.0034122
0.984541 0.999023 0.255263 0.0299052 0.628571 0.5 0 0.238199 0.5 0.333333 0.00363
0.990246 0.999509 0.0467842 0.0545222 0.657143 1 0 0.174385 0.5 0.666667 0.00363
0.984541 0.999023 0.241071 0.0796864 0.0571429 1 0 0.0981802 0.5 0.333333 0.00403333
0.990246 0.999509 0.00947368 0.0545222 0.257143 1 0 0.174385 0.5 0.666667 0.00448506
0.984541 0.999023 0.0868421 0.0545222 0.685714 1 0 0.120673 0.5 0.666667 0.00635653
0.99233 0.99986 0.00572632 0.115609 0.257143 1 0 0.304488 0.5 1 0.00667113
0.984541 0.999023 0.0256211 0.0466813 0.257143 0.5 0 0.0981802 0.5 0.333333 0.0070422
0.984541 0.999023 0.172113 0.0173231 0.514286 1 0 0.0686233 0.5 0.333333 0.00739713
0.984541 0.999023 0.172113 0.0173231 0.542857 1 0 0.0686233 0.5 0.333333 0.00739713
0.990246 0.999509 0.0348684 0.0175055 0.457143 0.5 0 0.174385 0.5 0.666667 0.0079134
0.990246 0.999509 0.0348684 0.0175055 0.485714 0.5 0 0.174385 0.5 0.666667 0.0079134
0.984541 0.999023 0.152632 0.0173231 0.628571 1 0 0.0686233 1 0.333333 0.00806666
0.984541 0.999023 0.241071 0.0796864 0.257143 1 0 0.0981802 0.5 0.333333 0.00806666
1 0.998314 0.000552632 0.043399 0.0857143 0.5 0 0.0948696 0.5 0.333333 0.00806666
0.984541 0.999023 0.171095 0.039205 0.257143 1 0 0.0686233 0.5 0.333333 0.00806666
0.990246 0.999509 0.0757474 0.0545222 0.971429 1 0 0.174385 0.5 0.666667 0.00840546
0.984541 0.999023 0.171095 0.0173231 0.2 1 0 0.0686233 1 0.333333 0.0086878
0.984541 0.999023 0.171095 0.039205 0.228571 1 0 0.0686233 1 0.333333 0.0086878
0.984541 0.999023 0.241071 0.0796864 0.485714 1 0 0.0981802 1 0.333333 0.00968
0.984356 1 0.0189474 0.0665573 0.685714 1 0 0.0860828 0.5 0.5 0.0112046
0.984541 0.999023 0.0261474 0.0466813 0.257143 0.5 0 0.0981802 0.5 0.333333 0.0113659
0.984541 0.999023 0.01 0.0545222 0.514286 1 0 0.0869104 0.5 0.666667 0.0142215
0.990246 0.999509 0.00104211 0.0689278 0.714286 0.5 0 0.174385 0.5 0.666667 0.0142619
0.979652 0.999908 0.00631579 0.0173231 0.171429 1 0 0.073286 0.5 0.333333 0.015125
0.990246 0.999509 0.0160842 0.11415 0.114286 0.5 0 0.174385 0.5 0.666667 0.0158349
0.990246 0.999509 0.0160842 0.11415 0.142857 0.5 0 0.174385 0.5 0.666667 0.0158349
0.990246 0.999509 0.0160842 0.11415 0.171429 0.5 0 0.174385 0.5 0.666667 0.0158349
0.98251 0.99995 0.0257895 0.039205 0.371429 1 0 0.0982594 0.5 0.666667 0.0161333
0.99182 0.998889 0.000882895 0.0063822 0.0285714 0.5 0 0.0964573 0.5 0.333333 0.0165931
0.984541 0.999023 0.00764211 0.0441284 0.885714 0.5 0 0.390709 0.5 0.5 0.0166657
0.990246 0.999509 0.0160947 0.11415 0.0285714 0.5 0 0.174385 0.5 0.666667 0.0184646
0.984541 0.999023 0.0736842 0.0796864 0.942857 1 0 0.0981802 0.5 0.333333 0.0185533
0.984541 0.999023 0.0736842 0.0796864 0.971429 1 0 0.0981802 0.5 0.333333 0.0185533
0.984541 0.999023 0.00273684 0.0134938 0.714286 0.5 0 0.220478 0.5 0.333333 0.0193923
0.974345 0.998959 0.00273684 0.0134938 0.857143 0.5 0 0.183363 0.5 0.333333 0.0193923
0.990246 0.999509 0.00324474 0.0368344 0.171429 0.5 0 0.0960633 0.5 0.333333 0.0196262
0.979652 0.999908 0.000463158 0.0173231 0.514286 1 0 0.073286 0.5 0.333333 0.0197069
0.984541 0.999023 0.0526316 0.0545222 0.285714 1 0 0.0869104 0.5 0.666667 0.0201667
0.984541 0.999023 0.0526316 0.0545222 0.314286 1 0 0.0869104 0.5 0.666667 0.0201667
0.984541 0.999023 0.0526316 0.0545222 0.342857 1 0 0.0869104 0.5 0.666667 0.0201667
0.984541 0.999023 0.0657895 0.0545222 0.6 1 0 0.0869104 0.5 0.666667 0.0201667
0.984541 0.999023 0.0657895 0.0545222 0.257143 1 0 0.0869104 0.5 0.666667 0.0201667
0.984541 0.999023 0.0657895 0.0545222 0.285714 1 0 0.0869104 0.5 0.666667 0.0201667
0.990246 0.999509 0.0351711 0.11415 0.0571429 0.5 0 0.174385 0.5 0.666667 0.0201667
0.990246 0.999509 0.00284211 0.00911743 0.0857143 0.5 0 0.0960633 0.5 0.333333 0.0201667
0.990246 0.999509 0.016 0.0171408 0.0857143 0.5 0 0.0960633 0.5 0.333333 0.0201667
0.984541 0.999023 0.00181579 0.0466813 0.285714 0.5 0 0.0981802 0.5 0.333333 0.0210459
0.984541 0.999023 0.00181579 0.0466813 0.314286 0.5 0 0.0981802 0.5 0.333333 0.0210459
0.984541 0.999023 0.00181579 0.0466813 0.257143 0.5 0 0.0981802 0.5 0.333333 0.0210459
0.990246 0.999509 0.00168158 0.749635 0.0857143 0.5 0 0.0960633 0.5 0.333333 0.0214573
0.990246 0.999509 0.00284211 0.00911743 0.0285714 0.5 0 0.0960633 0.5 0.333333 0.0224092
0.990246 0.999509 0.00284211 0.00911743 0.0571429 0.5 0 0.0960633 0.5 0.333333 0.0224092
0.984541 0.999023 0.0185263 0.043946 0.628571 1 0 0.390709 0.5 0.5 0.0229174
0.990246 0.999509 0.0526316 0.0545222 0.2 1 0 0.174385 0.5 0.666667 0.0242
0.984541 0.999023 0.00130263 0.00893508 0.2 0.5 0 0.243552 0.5 0.666667 0.024442
0.990246 0.999509 0.00526316 0.0545222 0.0857143 1 0 0.174385 0.5 0.666667 0.0250067
0.990246 0.999509 0.0192789 0.0545222 0.314286 1 0 0.174385 0.5 0.666667 0.0253293
0.984541 0.999023 0.00136842 0.0207877 0.514286 0.5 0 0.220478 0.5 0.333333 0.0263699
0.984541 0.999023 0.00136842 0.0207877 0.542857 0.5 0 0.220478 0.5 0.333333 0.0263699
0.984541 0.999023 0.00136842 0.0207877 0.6 0.5 0 0.220478 0.5 0.333333 0.0263699
0.984541 0.999023 0.00764211 0.0441284 0.8 0.5 0 0.390709 0.5 0.5 0.0266684
0.99182 0.998889 0.00657895 0.0382932 0.228571 0.5 0 0.0964573 0.5 0.333333 0.0267813
0.984541 0.999023 0.0118421 0.0275346 0.0285714 0.5 0 0.238199 0.5 0.333333 0.0268862
0.984541 0.999023 0.0118421 0.0275346 0.0571429 0.5 0 0.238199 0.5 0.333333 0.0268862
0.984541 0.999023 0.0118421 0.0275346 0.0857143 0.5 0 0.238199 0.5 0.333333 0.0268862
0.984541 0.999023 0.0118421 0.0275346 0.114286 0.5 0 0.238199 0.5 0.333333 0.0268862
0.979652 0.999908 0.000473684 0.0216995 0.0571429 1 0 0.0785665 0.5 0.333333 0.0268862
0.990246 0.999509 0.000473684 0.0182349 0.142857 0.5 0 0.174385 0.5 0.666667 0.0268862
0.984541 0.999023 0.00210526 0.0167761 0.0571429 1 0 0.220478 0.5 0.333333 0.027225
0.98722 0.999163 0.00233684 0.0359227 0.514286 0.5 0 0.185254 0.5 0.333333 0.0272492
0.98722 0.999163 0.00233684 0.0359227 0.542857 0.5 0 0.185254 0.5 0.333333 0.0272492
0.984541 0.999023 0.000694737 0.0237053 0.542857 0.5 0 0.238199 0.5 0.333333 0.0274993
0.984356 1 0.0091579 0.165937 0.657143 1 0 0.117041 0.5 0.666667 0.0278139
0.984541 0.999023 0.0210526 0.0171408 0.457143 0.5 0 0.220478 0.5 0.333333 0.0282333
0.984541 0.999023 0.0210526 0.0171408 0.485714 0.5 0 0.220478 0.5 0.333333 0.0282333
0.984541 0.999023 0.0118421 0.0545222 0.6 1 0 0.0869104 0.5 0.666667 0.0286851
0.98722 0.999163 0.0037 0.0359227 0.714286 0.5 0 0.185254 0.5 0.333333 0.0286851
0.98722 0.999163 0.0037 0.0359227 0.742857 0.5 0 0.185254 0.5 0.333333 0.0286851
0.98722 0.999163 0.0037 0.0359227 0.771429 0.5 0 0.185254 0.5 0.333333 0.0286851
0.984541 0.999023 0.00215084 0.0191466 0.114286 0.5 0 0.220478 0.5 0.333333 0.0296127
0.980455 0.999473 0.00463158 0.10558 0.657143 0.5 0 0.470285 0.5 0.666667 0.0297902
0.990246 0.999509 0.0146316 0.0545222 0.657143 1 0 0.174385 0.5 0.666667 0.0298467
0.99182 0.998889 0.0414526 0.015682 0.142857 1 0 0.0964573 0.5 0.333333 0.0298467
0.99182 0.998889 0.00657895 0.0382932 0.2 0.5 0 0.0964573 1 0.333333 0.0298467
0.990246 0.999509 0.00477632 0.0147702 0.4 0.5 0 0.174385 0.5 0.666667 0.0302258
0.984541 0.999023 0.00414061 0.0466813 0.314286 0.5 0 0.0958605 0.5 0.333333 0.03025
0.979652 0.999908 0.0111184 0.0227936 0.714286 0.5 0 0.197321 0.5 0.5 0.0305323
0.979652 0.999908 0.0111184 0.0227936 0.742857 0.5 0 0.197321 0.5 0.5 0.0305484
0.979652 0.999908 0.0111184 0.0227936 0.771429 0.5 0 0.197321 0.5 0.5 0.0305484
0.984541 0.999023 0.00408158 0.0466813 0.342857 0.5 0 0.0958605 0.5 0.333333 0.0306533
0.98722 0.999163 0.0024 0.0359227 0.685714 0.5 0 0.185254 0.5 0.333333 0.0309599
0.98722 0.999163 0.0024 0.0359227 0.714286 0.5 0 0.185254 0.5 0.333333 0.0309599
0.984541 0.999023 0.000473684 0.0299052 0.657143 0.5 0 0.0981802 0.5 0.333333 0.0313713
0.99182 0.998889 0.0473684 0.0382932 0.971429 0.5 0 0.0964573 0.5 0.333333 0.03146
0.984541 0.999023 0.00469737 0.0545222 0.428571 1 0 0.243552 0.5 0.666667 0.0316375
0.979652 0.999908 0.00434211 0.0501459 0.771429 1 0 0.197321 0.5 0.5 0.0317746
0.98722 0.999163 0.000797026 0.027717 0.514286 0.5 0 0.185254 0.5 0.333333 0.0319601
0.990246 0.999509 0.00994737 0.0545222 0.771429 1 0 0.174385 0.5 0.666667 0.0320085
0.99182 0.998889 0.0207526 0.0184172 0.0285714 1 0 0.0964573 1 0.333333 0.0322667
0.98722 0.999163 0.000657895 0.00820569 0.114286 1 0 0.185254 1 0.333333 0.0322667
0.979652 0.999908 0.00657895 0.0173231 0.142857 1 0 0.073286 0.5 0.333333 0.0322667
0.979652 0.999908 0.0105263 0.0173231 0.0285714 1 0 0.073286 1 0.333333 0.0322667
0.990246 0.999509 0.184211 0.0545222 0.142857 1 0 0.174385 1 0.666667 0.0322667
0.990246 0.999509 0.184211 0.0545222 0.171429 1 0 0.174385 1 0.666667 0.0322667
0.990246 0.999509 0.210526 0.0545222 0.2 1 0 0.174385 1 0.666667 0.0322667
0.984541 0.999023 0.210526 0.0545222 0.371429 1 0 0.0869104 0.5 0.666667 0.0322667
0.984541 0.999023 0.213158 0.0545222 0.4 1 0 0.0869104 1 0.666667 0.0322667
0.984541 0.999023 0.131579 0.0545222 0.257143 1 0 0.0869104 1 0.666667 0.0322667
0.984541 0.999023 0.131579 0.0545222 0.285714 1 0 0.0869104 0.5 0.666667 0.0322667
0.979652 0.999908 0.0118421 0.0227936 0.342857 0.5 0 0.197321 0.5 0.5 0.0322667
0.979652 0.999908 0.0118421 0.0227936 0.371429 0.5 0 0.197321 1 0.5 0.0322667
0.984541 0.999023 0.1 0.0171408 0.142857 0.5 0 0.156615 1 0.333333 0.0322667
0.984541 0.999023 0.1 0.0171408 0.171429 0.5 0 0.156615 1 0.333333 0.0322667
0.984356 1 0.00421053 0.0536105 0.457143 0.5 0 0 1 0.333333 0.0322667
0.99182 0.998889 0.0157895 0.0184172 0.0857143 1 0 0.0964573 1 0.333333 0.0322667
0.979652 0.999908 0.00277895 0.0171408 0.285714 0.5 0 0.197321 0.5 0.5 0.0324844
0.979652 0.999908 0.0146167 0.0227936 0.228571 0.5 0 0.197321 0.5 0.5 0.032678
0.984541 0.999023 0.00644737 0.0840627 0.714286 1 0 0.220478 0.5 0.333333 0.0329281
0.984541 0.999023 0.00644737 0.0840627 0.742857 1 0 0.220478 0.5 0.333333 0.0329281
0.984541 0.999023 0.00644737 0.0840627 0.771429 1 0 0.220478 0.5 0.333333 0.0329281
0.979652 0.999908 0.00236842 0.0173231 0.0857143 1 0 0.073286 1 0.333333 0.033162
0.979652 0.999908 0.00236842 0.0173231 0.114286 1 0 0.073286 1 0.333333 0.033162
0.979652 0.999908 0.00236842 0.0173231 0.142857 1 0 0.073286 1 0.333333 0.033162
0.984541 0.999023 0.00284211 0.317834 0.542857 1 0 0.220478 0.5 0.333333 0.0336138
0.990246 0.999509 0.0149368 0.0545222 0.371429 1 0 0.174385 0.5 0.666667 0.0341058
0.990246 0.999509 0.0165263 0.0545222 0.8 1 0 0.174385 0.5 0.666667 0.0346786
0.990246 0.999509 0.0165263 0.0545222 0.828571 1 0 0.174385 0.5 0.666667 0.0346786
0.990246 0.999509 0.0165263 0.0545222 0.857143 1 0 0.174385 0.5 0.666667 0.0346786
0.990246 0.999509 0.0165263 0.0545222 0.885714 1 0 0.174385 0.5 0.666667 0.0346786
0.990246 0.999509 0.0165263 0.0545222 0.914286 1 0 0.174385 0.5 0.666667 0.0346786
0.990246 0.999509 0.0165263 0.0545222 0.942857 1 0 0.174385 0.5 0.666667 0.0346786
0.990246 0.999509 0.0165263 0.0545222 0.971429 1 0 0.174385 0.5 0.666667 0.0346786
0.990246 0.999509 0.0165263 0.0545222 1 1 0 0.174385 0.5 0.666667 0.0346786
0.979652 0.999908 0.00210526 0.0173231 0.142857 1 0 0.073286 1 0.333333 0.0352916
0.979652 0.999908 0.00210526 0.0173231 0.171429 1 0 0.073286 1 0.333333 0.0352916
0.979652 0.999908 0.00210263 0.0173231 0.171429 1 0 0.073286 0.5 0.333333 0.035332
0.984541 0.999023 0.00106579 0.0844274 0.685714 0.5 0 0.120673 0.5 0.666667 0.0358482
0.979652 0.999908 0.00260526 0.0720277 0.685714 0.5 0 0.132015 0.5 0.666667 0.036663
0.984541 0.999023 0.00300329 0.0142232 0.685714 0.5 0 0.117136 0.5 0.5 0.0367517
0.990246 0.999509 0.0342105 0.0545222 0.971429 1 0 0.174385 0.5 0.666667 0.0372276
0.990246 0.999509 0.0342105 0.0545222 0.942857 1 0 0.174385 0.5 0.666667 0.0372276
0.979652 0.999908 0.00196842 0.0173231 0.114286 1 0 0.073286 1 0.333333 0.0377439
0.979652 0.999908 0.00196842 0.0173231 0.142857 1 0 0.073286 1 0.333333 0.0377439
0.984541 0.999023 0.00126316 0.0466813 0.114286 0.5 0 0.0827699 1 0.333333 0.0386554
0.984541 0.999023 0.00463947 0.0167761 0.657143 1 0 0.220478 0.5 0.333333 0.0388894
0.990246 0.999509 0.00312895 0.0151349 0.857143 1 0 0.0960633 0.5 0.333333 0.0393492
0.990246 0.999509 0.00312895 0.0151349 0.885714 1 0 0.0960633 0.5 0.333333 0.0393492
0.98251 0.99995 0.00188158 0.0455872 0.657143 0.5 0 0.14605 0.5 0.333333 0.0394863
0.984541 0.999023 0.00635789 0.0173231 0.114286 1 0 0.0686233 1 0.333333 0.0400671
0.990246 0.999509 0.0192105 0.0144055 0.0571429 1 0 0.0960633 0.5 0.333333 0.0403333
0.990246 0.999509 0.0192105 0.0144055 0.0857143 1 0 0.0960633 0.5 0.333333 0.0403333
0.990246 0.999509 0.0192105 0.0144055 0.114286 1 0 0.0960633 1 0.333333 0.0403333
0.990246 0.999509 0.0210526 0.0171408 0.371429 0.5 0 0.0960633 0.5 0.333333 0.0403333
0.990246 0.999509 0.0210526 0.0171408 0.4 0.5 0 0.0960633 0.5 0.333333 0.0403333
0.98251 0.99995 0.00315789 0.075857 0.514286 1 0 0.141331 1 0.666667 0.0403333
0.984541 0.999023 0.00789474 0.0545222 0.685714 1 0 0.0869104 0.5 0.666667 0.0403333
0.990246 0.999509 0.0263158 0.0545222 0.2 1 0 0.174385 1 0.666667 0.0403333
0.984541 0.999023 0.142105 0.0545222 0.0285714 1 0 0.243552 1 0.666667 0.0403333
0.990246 0.999509 0.0210526 0.0171408 0.342857 0.5 0 0.0960633 1 0.333333 0.0403333
0.990246 0.999509 0.00526316 0.0545222 0.0285714 1 0 0.174385 1 0.666667 0.0403333
0.990246 0.999509 0.00526316 0.0545222 0.0571429 1 0 0.174385 1 0.666667 0.0403333
0.990246 0.999509 0.131579 0.0165937 0.371429 0.5 0 0.174385 1 0.666667 0.0403333
0.99182 0.998889 0.0916619 0.015682 0.742857 1 0 0.0964573 1 0.333333 0.0416885
0.98722 0.999163 0.00227368 0.00820569 0.0285714 1 0 0.185254 0.5 0.333333 0.0420112
0.98251 0.99995 0.00125684 0.0645514 0.657143 0.5 0 0.14605 0.5 0.333333 0.042229
0.98251 0.99995 0.00125684 0.0645514 0.685714 0.5 0 0.14605 0.5 0.333333 0.042229
0.98722 0.999163 0.00221053 0.00820569 0.0857143 1 0 0.185254 0.5 0.333333 0.0432131
0.98722 0.999163 0.00221053 0.00820569 0.114286 1 0 0.185254 0.5 0.333333 0.0432131
0.990246 0.999509 0.00868421 0.0545222 0.0285714 1 0 0.174385 0.5 0.666667 0.0440036
0.984356 1 0.00744474 0.0373815 0.0857143 1 0 0.0860828 0.5 0.5 0.0441972
0.984356 1 0.00744474 0.0373815 0.142857 1 0 0.0860828 0.5 0.5 0.0441972
0.980455 0.999473 0.00544737 0.0977389 0.457143 1 0 0.264226 0.5 0.666667 0.0448184
0.980455 0.999473 0.000473684 0.0322757 0.514286 0.5 0 0.133255 0.5 0.333333 0.0448184
0.984541 0.999023 0.00254737 0.0233406 0.8 0.5 0 0.088223 0.5 0.333333 0.0458348
0.984541 0.999023 0.00254737 0.0233406 0.828571 0.5 0 0.088223 0.5 0.333333 0.0458348
0.984356 1 0.00690789 0.0373815 0.228571 1 0 0.0860828 0.5 0.5 0.0460929
0.984356 1 0.00690789 0.0373815 0.257143 1 0 0.0860828 0.5 0.5 0.0460929
0.984356 1 0.00690789 0.0373815 0.285714 1 0 0.0860828 0.5 0.5 0.0460929
0.984356 1 0.00690789 0.0373815 0.371429 1 0 0.0860828 0.5 0.5 0.0460929
0.984356 1 0.00690789 0.0373815 0.2 1 0 0.117041 0.5 0.666667 0.0460929
0.99182 0.998889 0.00934211 0.0382932 0.371429 0.5 0 0.0964573 1 0.333333 0.0467866
0.984541 0.999023 0.00634211 0.0545222 0.6 1 0 0.243552 0.5 0.666667 0.0468592
0.984541 0.999023 0.00634211 0.0545222 0.628571 1 0 0.243552 0.5 0.666667 0.0468592
0.984541 0.999023 0.00110526 0.0497812 0.371429 0.5 0 0.238199 1 0.333333 0.0480128
0.984541 0.999023 0.00110526 0.0497812 0.342857 0.5 0 0.238199 1 0.333333 0.0480128
0.984541 0.999023 0.00442105 0.0497812 0.342857 0.5 0 0.238199 1 0.333333 0.0480128
0.99182 0.998889 0.00836842 0.0382932 0.485714 0.5 0 0.0964573 1 0.333333 0.0481983
0.979652 0.999908 0.00101053 0.00820569 0.114286 1 0 0.113758 1 0.333333 0.0483112
0.979652 0.999908 0.00101053 0.00820569 0.171429 1 0 0.113758 1 0.333333 0.0483193
0.979652 0.999908 0.00101053 0.00820569 0.2 1 0 0.113758 1 0.333333 0.0483193
0.979652 0.999908 0.00101053 0.00820569 0.228571 1 0 0.113758 1 0.333333 0.0483193
0.979652 0.999908 0.0144421 0.0501459 0.342857 1 0 0.197321 1 0.5 0.0484
0.979652 0.999908 0.0144421 0.0501459 0.371429 1 0 0.197321 0.5 0.5 0.0484
0.984541 0.999023 0.00635789 0.0173231 0.0857143 1 0 0.0686233 1 0.333333 0.0484
0.984356 1 0.131579 0.478301 0.257143 1 0 0.777808 0.5 0.833333 0.0484
0.984356 1 0.131579 0.478301 0.285714 1 0 0.777808 0.5 0.833333 0.0484
0.990246 0.999509 0.0263158 0.0545222 0.142857 1 0 0.174385 1 0.666667 0.0484
0.990246 0.999509 0.0263158 0.0545222 0.171429 1 0 0.174385 0.5 0.666667 0.0484
0.990246 0.999509 0.0339474 0.0545222 0.428571 1 0 0.174385 1 0.666667 0.0484
0.990246 0.999509 0.0339474 0.0545222 0.457143 1 0 0.174385 0.5 0.666667 0.0484
0.984541 0.999023 0.0342105 0.0545222 0.657143 1 0 0.390709 1 0.5 0.0484
0.984541 0.999023 0.0342105 0.0545222 0.685714 1 0 0.390709 0.5 0.5 0.0484
0.984541 0.999023 0.0289474 0.0545222 0.457143 1 0 0.0869104 0.5 0.666667 0.0484
0.990246 0.999509 0.00312895 0.0151349 0.714286 1 0 0.174385 1 0.666667 0.0484
0.990246 0.999509 0.00312895 0.0151349 0.742857 1 0 0.174385 1 0.666667 0.0484
0.990246 0.999509 0.0526316 0.0545222 0.742857 1 0 0.174385 0.5 0.666667 0.0484
0.990246 0.999509 0.0526316 0.0545222 0.771429 1 0 0.174385 1 0.666667 0.0484
0.984541 0.999023 0.000526316 0.00820569 0.828571 1 0 0.135125 1 0.333333 0.0484
0.984356 1 0.0605263 0.00273523 0.828571 1 0 0.0860828 1 0.5 0.0484
0.984356 1 0.0605263 0.00273523 0.857143 1 0 0.0860828 1 0.5 0.0484
0.984356 1 0.0605263 0.00273523 0.885714 1 0 0.0860828 0.5 0.5 0.0484
0.984356 1 0.0605263 0.00273523 0.914286 1 0 0.0860828 0.5 0.5 0.0484
0.990246 0.999509 0.00477632 0.0269876 0.742857 0.5 0 0.174385 0.5 0.666667 0.048892
0.990246 0.999509 0.0136263 0.0147702 0.857143 0.5 0 0.174385 0.5 0.666667 0.049852
0.980455 0.999473 0.00297632 0.0353756 0.314286 0.5 0 0.133255 0.5 0.333333 0.0499246
0.984541 0.999023 0.00254737 0.0233406 0.771429 0.5 0 0.088223 0.5 0.333333 0.0499972
0.984541 0.999023 0.00972632 0.0796864 0.114286 1 0 0.0981802 1 0.333333 0.0501988
0.984541 0.999023 0.00972632 0.0796864 0.142857 1 0 0.0981802 1 0.333333 0.0501988
0.984541 0.999023 0.00972632 0.0796864 0.171429 1 0 0.0981802 1 0.333333 0.0501988
0.980455 0.999473 0.00295263 0.036105 0.828571 0.5 0 0.0922678 0.5 0.666667 0.0503279
0.980455 0.999473 0.00124474 0.0528811 0.514286 0.5 0 0.0999473 0.5 0.666667 0.0511588
0.980455 0.999473 0.00124474 0.0528811 0.542857 0.5 0 0.0999473 0.5 0.666667 0.0511588
0.98251 0.99995 0.00213684 0.0328228 0.628571 1 0 0.14605 0.5 0.333333 0.0516589
0.979652 0.999908 0.00130263 0.0253465 0.285714 0.5 0 0.113758 1 0.333333 0.052151
0.984356 1 0.0605263 0.00273523 0.771429 1 0 0.0860828 1 0.5 0.0524333
0.984356 1 0.0605263 0.00273523 0.8 1 0 0.0860828 1 0.5 0.0524333
0.984356 1 0.0605263 0.00273523 0.828571 1 0 0.0860828 1 0.5 0.0524333
0.98251 0.99995 0.00115789 0.0173231 0.571429 1 0 0.246312 0.5 0.666667 0.0531674
0.98251 0.99995 0.00115789 0.0173231 0.6 1 0 0.246312 0.5 0.666667 0.0531674
0.99182 0.998889 0.0131579 0.0501459 0.0285714 1 0 0.0964573 1 0.333333 0.05324
0.99182 0.998889 0.0131579 0.0501459 0.0571429 1 0 0.0964573 1 0.333333 0.05324
0.99182 0.998889 0.0131579 0.0501459 0.0857143 1 0 0.0964573 1 0.333333 0.05324
0.984541 0.999023 0.0166316 0.0173231 0.314286 1 0 0.0686233 1 0.333333 0.053603
0.984541 0.999023 0.00315789 0.043946 0.657143 1 0 0.390709 0.5 0.5 0.0537804
0.984541 0.999023 0.000947368 0.0063822 0.6 0.5 0 0.220478 0.5 0.333333 0.0537804
0.984541 0.999023 0.00110526 0.0164114 0.285714 0.5 0 0.220478 0.5 0.333333 0.0537804
0.984541 0.999023 0.00110526 0.0164114 0.314286 0.5 0 0.220478 0.5 0.333333 0.0537804
0.990246 0.999509 0.0107553 0.0165937 0.285714 0.5 0 0.174385 1 0.666667 0.0552647
0.990246 0.999509 0.0107553 0.0165937 0.314286 0.5 0 0.174385 1 0.666667 0.0552647
0.98251 0.99995 0.00126579 0.0587163 0.4 1 0 0.14605 0.5 0.333333 0.0553454
0.98251 0.99995 0.00126579 0.0587163 0.371429 1 0 0.14605 0.5 0.333333 0.0553454
0.984541 0.999023 0.000496053 0.00911743 0.428571 0.5 0 0.238199 1 0.333333 0.0556277
0.990246 0.999509 0.00122105 0.00784099 0.428571 0.5 0 0.174385 1 0.666667 0.0556358
0.980455 0.999473 0.00568421 0.0977389 0.2 1 0 0.264226 0.5 0.666667 0.0560149
0.979652 0.999908 0.00947368 0.0470459 0.914286 0.5 0 0.132015 0.5 0.666667 0.0560149
0.984356 1 0.00605263 0.11488 0.4 1 0 0.192586 0.5 0.666667 0.0561198
0.984356 1 0.00605263 0.11488 0.428571 1 0 0.192586 0.5 0.666667 0.0561198
0.99182 0.998889 0.00815789 0.0501459 0.685714 1 0 0.0964573 0.5 0.333333 0.0564666
0.99182 0.998889 0.00815789 0.0501459 0.714286 1 0 0.0964573 1 0.333333 0.0564666
0.984541 0.999023 0.0144388 0.0796864 0.771429 1 0 0.238199 1 0.333333 0.0564666
0.984541 0.999023 0.0097579 0.0145879 0.314286 0.5 0 0.390709 1 0.5 0.0565634
0.980455 0.999473 0.000477632 0.0455872 0.742857 0.5 0 0.0922678 0.5 0.666667 0.0577815
0.984356 1 0.00578947 0.11488 0.485714 1 0 0.192586 0.5 0.666667 0.0579348
0.98251 0.99995 0.00126316 0.0587163 0.142857 1 0 0.14605 0.5 0.333333 0.0588221
0.98251 0.99995 0.00126316 0.0587163 0.171429 1 0 0.14605 0.5 0.333333 0.0588221
0.984541 0.999023 0.000855263 0.0875274 0.2 1 0 0.220478 0.5 0.333333 0.0595723
0.984356 1 0.00605263 0.11488 0.457143 1 0 0.192586 0.5 0.666667 0.0596207
0.990246 0.999509 0.00568421 0.0377462 0.514286 0.5 0 0.174385 1 0.666667 0.0597256
0.990246 0.999509 0.00568421 0.0377462 0.485714 0.5 0 0.174385 1 0.666667 0.0597498
0.979652 0.999908 0.00176842 0.0579869 0.342857 0.5 0 0.195579 0.5 0.666667 0.060016
0.979652 0.999908 0.00176842 0.0579869 0.371429 0.5 0 0.195579 0.5 0.666667 0.060016
0.98251 0.99995 0.00424211 0.0692925 0.8 0.5 0 0.14605 0.5 0.333333 0.0600482
0.98251 0.99995 0.00424211 0.0692925 0.828571 0.5 0 0.14605 0.5 0.333333 0.0600482
0.98251 0.99995 0.00424211 0.0692925 0.857143 0.5 0 0.14605 0.5 0.333333 0.0600482
0.984541 0.999023 0.000704737 0.0499635 0.257143 0.5 0 0.392965 0.5 0.5 0.0602418
0.984541 0.999023 0.000704737 0.0499635 0.285714 0.5 0 0.392965 0.5 0.5 0.0602418
0.984541 0.999023 0.000315789 0.0299052 0.657143 0.5 0 0.0981802 1 0.333333 0.0605
0.99182 0.998889 0.00421053 0.0501459 0.0285714 1 0 0.0964573 1 0.333333 0.0605
0.99182 0.998889 0.00421053 0.0501459 0.0571429 1 0 0.0964573 1 0.333333 0.0605
0.990246 0.999509 0.173684 0.0545222 0.657143 1 0 0.174385 0.5 0.666667 0.061113
0.990246 0.999509 0.173684 0.0545222 0.685714 1 0 0.174385 0.5 0.666667 0.061113
0.98251 0.99995 0.00104211 0.0645514 0.0285714 0.5 0 0.517655 0.5 0.666667 0.061113
0.98251 0.99995 0.00104211 0.0645514 0.0571429 0.5 0 0.517655 1 0.666667 0.061113
0.990246 0.999509 0.00208421 0.0300875 0.771429 0.5 0 0.174385 1 0.666667 0.061113
0.98251 0.99995 0.00328947 0.0206054 0.885714 0.5 0 0.14605 0.5 0.333333 0.0613066
0.984541 0.999023 0.00136842 0.0184172 0.771429 0.5 0 0.220478 0.5 0.333333 0.0620488
0.984541 0.999023 0.00205263 0.0222465 0.342857 0.5 0 0.220478 0.5 0.333333 0.0620488
0.984541 0.999023 0.00119579 0.0275346 0.8 0.5 0 0.238199 1 0.333333 0.0621294
0.984541 0.999023 0.00119579 0.0275346 0.828571 0.5 0 0.238199 1 0.333333 0.0621294
0.98251 0.99995 0.0135403 0.102298 0.0571429 0.5 0 0.366707 0.5 0.666667 0.0627102
0.98251 0.99995 0.0135403 0.102298 0.0857143 0.5 0 0.366707 0.5 0.666667 0.0627102
0.984541 0.999023 0.000473684 0.0563457 0.828571 0.5 0 0.238199 1 0.333333 0.0627425
0.984356 1 0.00578947 0.11488 0.314286 1 0 0.192586 0.5 0.666667 0.0630652
0.980455 0.999473 0.00302632 0.0587163 0.971429 0.5 0 0.264226 0.5 0.666667 0.0631297
0.98251 0.99995 0.00431579 0.0206054 0.371429 0.5 0 0.14605 0.5 0.333333 0.0639444
0.98251 0.99995 0.00431579 0.0206054 0.4 0.5 0 0.14605 0.5 0.333333 0.0639444
0.990246 0.999509 0.00248684 0.0346462 0.0285714 0.5 0 0.174385 1 0.666667 0.0640251
0.979652 0.999908 0.0263158 0.0501459 0.628571 1 0 0.197321 0.5 0.5 0.0645333
0.98251 0.99995 0.002 0.0185996 0.0285714 0.5 0 0.14605 0.5 0.333333 0.0645333
0.98251 0.99995 0.002 0.0185996 0.0571429 0.5 0 0.14605 0.5 0.333333 0.0645333
0.98251 0.99995 0.002 0.0185996 0.0857143 0.5 0 0.14605 0.5 0.333333 0.0645333
0.98251 0.99995 0.002 0.0185996 0.114286 0.5 0 0.14605 1 0.333333 0.0645333
0.990246 0.999509 0.0116316 0.0165937 0.142857 0.5 0 0.174385 0.5 0.666667 0.0645333
0.990246 0.999509 0.0147368 0.0545222 0.428571 1 0 0.174385 0.5 0.666667 0.0648237
0.990246 0.999509 0.0147368 0.0545222 0.457143 1 0 0.174385 0.5 0.666667 0.0648237
0.984356 1 0.00126316 0.104121 0.0285714 1 0 0.192586 0.5 0.666667 0.0655416
0.984356 1 0.00126316 0.104121 0.0571429 1 0 0.192586 0.5 0.666667 0.0655416
0.984356 1 0.00126316 0.104121 0.0857143 1 0 0.192586 0.5 0.666667 0.0655416
0.984356 1 0.00126316 0.104121 0.114286 1 0 0.192586 0.5 0.666667 0.0655416
0.984356 1 0.00126316 0.104121 0.142857 1 0 0.192586 0.5 0.666667 0.0655416
0.984356 1 0.00126316 0.104121 0.171429 1 0 0.192586 0.5 0.666667 0.0655416
0.984356 1 0.00126316 0.104121 0.2 1 0 0.192586 0.5 0.666667 0.0655416
0.984356 1 0.00126316 0.104121 0.228571 1 0 0.192586 0.5 0.666667 0.0655416
0.979652 0.999908 0.00614211 0.0882567 0.514286 0.5 0 0.195579 0.5 0.666667 0.0656707
0.979652 0.999908 0.00614211 0.0882567 0.542857 0.5 0 0.195579 0.5 0.666667 0.0656707
0.979652 0.999908 0.00614211 0.0882567 0.571429 0.5 0 0.195579 0.5 0.666667 0.0656707
0.979652 0.999908 0.00614211 0.0882567 0.571429 0.5 0 0.195579 0.5 0.666667 0.0656707
0.98251 0.99995 0.00112895 0.0587163 0.457143 1 0 0.14605 0.5 0.333333 0.0658159
0.990246 0.999509 0.00112895 0.0249818 0.228571 0.5 0 0.49557 0.5 0.5 0.0658159
0.984541 0.999023 0.00136842 0.00601751 0.914286 0.5 0 0.220478 0.5 0.333333 0.0667032
0.98251 0.99995 0.00126316 0.0587163 0.114286 1 0 0.14605 0.5 0.333333 0.0672195
0.984541 0.999023 0.000947368 0.0206054 0.742857 0.5 0 0.220478 0.5 0.333333 0.0672195
0.984541 0.999023 0.000947368 0.0206054 0.771429 0.5 0 0.220478 0.5 0.333333 0.0672195
0.984541 0.999023 0.000947368 0.0206054 0.8 0.5 0 0.220478 0.5 0.333333 0.0672195
0.98251 0.99995 0.00104211 0.0645514 0.0857143 0.5 0 0.517655 0.5 0.666667 0.0672195
0.98251 0.99995 0.00104211 0.0645514 0.114286 0.5 0 0.517655 0.5 0.666667 0.0672195
0.98251 0.99995 0.00104211 0.0645514 0.142857 0.5 0 0.517655 0.5 0.666667 0.0672195
0.98251 0.99995 0.00104211 0.0645514 0.171429 0.5 0 0.517655 0.5 0.666667 0.0672195
0.98251 0.99995 0.00104211 0.0645514 0.2 0.5 0 0.517655 0.5 0.666667 0.0672195
0.98251 0.99995 0.00104211 0.0645514 0.228571 0.5 0 0.517655 0.5 0.666667 0.0672195
0.98251 0.99995 0.00104211 0.0645514 0.257143 0.5 0 0.517655 0.5 0.666667 0.0672195
0.98251 0.99995 0.00104211 0.0645514 0.285714 0.5 0 0.517655 0.5 0.666667 0.0672195
0.98251 0.99995 0.00104211 0.0645514 0.314286 0.5 0 0.517655 0.5 0.666667 0.0672195
0.98251 0.99995 0.00104211 0.0645514 0.342857 0.5 0 0.517655 0.5 0.666667 0.0672195
0.98251 0.99995 0.00104211 0.0645514 0.371429 0.5 0 0.517655 0.5 0.666667 0.0672195
0.98251 0.99995 0.00104211 0.0645514 0.4 0.5 0 0.517655 0.5 0.666667 0.0672195
0.98251 0.99995 0.00104211 0.0645514 0.428571 0.5 0 0.517655 0.5 0.666667 0.0672195
0.98251 0.99995 0.00104211 0.0645514 0.457143 0.5 0 0.517655 0.5 0.666667 0.0672195
0.984541 0.999023 0.000947368 0.0167761 0.6 1 0 0.220478 0.5 0.333333 0.0672195
0.984541 0.999023 0.000947368 0.0167761 0.628571 1 0 0.220478 0.5 0.333333 0.0672195
0.984541 0.999023 0.000947368 0.749635 0.628571 0.5 0 0.220478 0.5 0.333333 0.0672195
0.984541 0.999023 0.000947368 0.749635 0.657143 0.5 0 0.220478 0.5 0.333333 0.0672195
0.984541 0.999023 0.000947368 0.749635 0.685714 0.5 0 0.220478 0.5 0.333333 0.0672195
0.984541 0.999023 0.000947368 0.749635 0.714286 0.5 0 0.220478 0.5 0.333333 0.0672195
0.984541 0.999023 0.000947368 0.749635 0.742857 0.5 0 0.220478 0.5 0.333333 0.0672195
0.98251 0.99995 0.00126316 0.0692925 0.6 0.5 0 0.14605 0.5 0.333333 0.0672195
0.98251 0.99995 0.00126316 0.0692925 0.628571 0.5 0 0.14605 0.5 0.333333 0.0672195
0.98251 0.99995 0.00126316 0.0692925 0.657143 0.5 0 0.14605 0.5 0.333333 0.0672195
0.98251 0.99995 0.00126316 0.0692925 0.685714 0.5 0 0.14605 0.5 0.333333 0.0672195
0.98251 0.99995 0.0135403 0.102298 0.0285714 0.5 0 0.366707 0.5 0.666667 0.0677277
0.984541 0.999023 0.00341053 0.0351933 0.714286 1 0 0.220478 0.5 0.333333 0.0684698
0.984541 0.999023 0.00341053 0.0351933 0.742857 1 0 0.220478 0.5 0.333333 0.0684698
0.990246 0.999509 0.00328421 0.0463166 0.371429 0.5 0 0.10147 1 0.333333 0.0685182
0.990246 0.999509 0.0394737 0.0545222 0.771429 1 0 0.174385 1 0.666667 0.0685666
0.990246 0.999509 0.0394737 0.0545222 0.8 1 0 0.174385 1 0.666667 0.0685666
0.990246 0.999509 0.00648684 0.0545222 0.485714 1 0 0.174385 1 0.666667 0.0685666
0.990246 0.999509 0.0101053 0.0545222 0.142857 1 0 0.174385 1 0.666667 0.0685666
0.990246 0.999509 0.0101053 0.0545222 0.171429 1 0 0.174385 1 0.666667 0.0685666
0.979652 0.999908 0.00428421 0.0882567 0.142857 0.5 0 0.195579 0.5 0.666667 0.0685666
0.990246 0.999509 0.0394737 0.0545222 0.828571 1 0 0.174385 1 0.666667 0.0685666
0.984541 0.999023 0.00396842 0.063822 0.428571 0.5 0 0.120673 0.5 0.666667 0.0695346
0.984541 0.999023 0.00396842 0.063822 0.457143 0.5 0 0.120673 0.5 0.666667 0.0695346
0.984541 0.999023 0.00397105 0.063822 0.485714 0.5 0 0.120673 0.5 0.666667 0.0695346
0.984541 0.999023 0.00397105 0.063822 0.542857 0.5 0 0.120673 0.5 0.666667 0.0695346
0.984541 0.999023 0.00397105 0.063822 0.571429 0.5 0 0.120673 0.5 0.666667 0.0695346
0.984541 0.999023 0.00397105 0.063822 0.6 0.5 0 0.120673 0.5 0.666667 0.0695346
0.990246 0.999509 0.00334737 0.0171408 0.342857 0.5 0 0.10147 1 0.333333 0.0697605
0.984541 0.999023 0.00273684 0.00601751 0.428571 0.5 0 0.220478 1 0.333333 0.0698089
0.984541 0.999023 0.00610526 0.0134938 0.542857 0.5 0 0.220478 1 0.333333 0.0704462
0.984541 0.999023 0.00218421 0.0289934 0.857143 0.5 0 0.238199 1 0.333333 0.0709463
0.984541 0.999023 0.00218421 0.0289934 0.885714 0.5 0 0.238199 1 0.333333 0.0709463
0.980455 0.999473 0.00104211 0.0552516 0.371429 0.5 0 0.0999473 0.5 0.666667 0.0712932
0.990246 0.999509 0.00147632 0.0147702 0.857143 0.5 0 0.174385 1 0.666667 0.0718982
0.990246 0.999509 0.00147632 0.0147702 0.885714 0.5 0 0.174385 1 0.666667 0.0718982
0.984541 0.999023 0.0117895 0.0167761 0.885714 1 0 0.220478 0.5 0.333333 0.0720192
0.984541 0.999023 0.0117895 0.0167761 0.914286 1 0 0.220478 0.5 0.333333 0.0720192
0.984541 0.999023 0.0117895 0.0167761 0.942857 1 0 0.220478 0.5 0.333333 0.0720192
0.979652 0.999908 0.00176842 0.0579869 0.314286 0.5 0 0.195579 0.5 0.666667 0.0720272
0.979652 0.999908 0.00176842 0.0579869 0.4 0.5 0 0.195579 0.5 0.666667 0.0720272
0.984541 0.999023 0.0117895 0.0167761 0.857143 1 0 0.392965 0.5 0.5 0.0720272
0.984541 0.999023 0.00267474 0.170131 0.942857 1 0 0.238199 1 0.333333 0.0722208
0.984541 0.999023 0.000526316 0.0173231 0.8 1 0 0.0686233 1 0.333333 0.0725193
0.984541 0.999023 0.000526316 0.0173231 0.828571 1 0 0.0686233 1 0.333333 0.0725193
0.979652 0.999908 0.00614211 0.0882567 0.4 0.5 0 0.195579 0.5 0.666667 0.0725758
0.979652 0.999908 0.00614211 0.0882567 0.457143 0.5 0 0.195579 0.5 0.666667 0.0725758
0.979652 0.999908 0.00614211 0.0882567 0.485714 0.5 0 0.195579 0.5 0.666667 0.0725758
0.990246 0.999509 0.0116316 0.0165937 0.114286 0.5 0 0.174385 1 0.666667 0.0726
0.990246 0.999509 0.00189474 0.0401167 0.2 0.5 0 0.49557 1 0.5 0.0728258
0.990246 0.999509 0.00189474 0.0401167 0.228571 0.5 0 0.49557 1 0.5 0.0728258
0.990246 0.999509 0.00189474 0.0401167 0.257143 0.5 0 0.49557 1 0.5 0.0728258
0.98251 0.99995 0.00131061 0.0640044 0.714286 0.5 0 0.14605 0.5 0.333333 0.0728904
0.98251 0.99995 0.00131061 0.0640044 0.885714 0.5 0 0.14605 0.5 0.333333 0.0728904
0.98251 0.99995 0.00131061 0.0640044 0.914286 0.5 0 0.14605 0.5 0.333333 0.0728904
0.98251 0.99995 0.00131061 0.0640044 0.942857 0.5 0 0.14605 0.5 0.333333 0.0728904
0.98251 0.99995 0.00115789 0.0328228 0.628571 1 0 0.246312 0.5 0.666667 0.073334
0.984541 0.999023 0.00262105 0.0167761 0.571429 1 0 0.220478 1 0.333333 0.0739471
0.990246 0.999509 0.0157895 0.0545222 1 1 0 0.174385 1 0.666667 0.0739471
0.990246 0.999509 0.0157895 0.0342815 1 1 0 0.174385 0.5 0.666667 0.0739471
0.984541 0.999023 0.00119737 0.148614 0.0285714 0.5 0 0.220478 0.5 0.333333 0.0744634
0.984541 0.999023 0.00119737 0.148614 0.0571429 0.5 0 0.220478 0.5 0.333333 0.0744634
0.984541 0.999023 0.00119737 0.148614 0.0857143 0.5 0 0.220478 0.5 0.333333 0.0744634
0.984541 0.999023 0.00136842 0.0144055 0.314286 1 0 0.220478 0.5 0.333333 0.0744634
0.984541 0.999023 0.00136842 0.0144055 0.342857 1 0 0.220478 0.5 0.333333 0.0744634
0.98251 0.99995 0.00112895 0.0587163 0.885714 1 0 0.14605 0.5 0.333333 0.0752136
0.98251 0.99995 0.00112895 0.0587163 0.942857 1 0 0.14605 0.5 0.333333 0.0752136
0.98251 0.99995 0.00112895 0.0587163 0.857143 1 0 0.14605 0.5 0.333333 0.0752136
0.984356 1 0.00118421 0.0455872 0.285714 0.5 0 0.0860828 0.5 0.5 0.0752862
0.984356 1 0.00118421 0.0455872 0.314286 0.5 0 0.0860828 0.5 0.5 0.0752862
0.984356 1 0.00118421 0.0455872 0.342857 0.5 0 0.0860828 0.5 0.5 0.0752862
0.990246 0.999509 0.00104211 0.0412108 0.4 0.5 0 0.49557 0.5 0.5 0.0753668
0.984541 0.999023 0.00126316 0.0144055 0.4 1 0 0.220478 1 0.333333 0.075625
0.984541 0.999023 0.00210526 0.0133115 0.857143 0.5 0 0.156615 0.5 0.333333 0.075625
0.980455 0.999473 0.0042 0.0977389 0.2 1 0 0.264226 0.5 0.666667 0.0758105
0.984541 0.999023 0.00136842 0.0164114 0.542857 0.5 0 0.220478 0.5 0.333333 0.0760122
0.984541 0.999023 0.00136842 0.0164114 0.571429 0.5 0 0.220478 0.5 0.333333 0.0760122
0.984541 0.999023 0.00136842 0.0164114 0.6 0.5 0 0.220478 0.5 0.333333 0.0760122
0.980455 0.999473 0.000781579 0.0459519 0.714286 0.5 0 0.102964 1 0.333333 0.0760525
0.980455 0.999473 0.000781579 0.0459519 0.742857 0.5 0 0.102964 1 0.333333 0.0760525
0.984541 0.999023 0.00105395 0.039752 0.0285714 0.5 0 0.392965 1 0.5 0.0765365
0.984541 0.999023 0.00105395 0.039752 0.0571429 0.5 0 0.392965 1 0.5 0.0765365
0.984541 0.999023 0.00105395 0.039752 0.0857143 0.5 0 0.392965 1 0.5 0.0765365
0.984541 0.999023 0.00105395 0.039752 0.114286 0.5 0 0.392965 1 0.5 0.0765365
0.98251 0.99995 0.00118421 0.0131291 0.342857 0.5 0 0.517655 0.5 0.666667 0.077085
0.984541 0.999023 0.00273684 0.0804158 0.685714 0.5 0 0.392965 0.5 0.5 0.077561
0.984541 0.999023 0.00273684 0.0804158 0.714286 0.5 0 0.392965 0.5 0.5 0.077561
0.984541 0.999023 0.00205263 1 0.742857 0.5 0 0.220478 0.5 0.333333 0.077561
0.98251 0.99995 0.00231579 0.0233406 0.285714 0.5 0 0.14605 0.5 0.333333 0.0779159
0.980455 0.999473 0.00652895 0.0977389 0.742857 1 0 0.264226 0.5 0.666667 0.0780369
0.980455 0.999473 0.00652895 0.0977389 0.771429 1 0 0.264226 0.5 0.666667 0.0780369
0.98251 0.99995 0.00130263 0.0694748 0.257143 0.5 0 0.366707 0.5 0.666667 0.0782224
0.98251 0.99995 0.00161579 0.0448578 0.457143 0.5 0 0.366707 0.5 0.666667 0.0790533
0.98251 0.99995 0.00161579 0.0448578 0.485714 0.5 0 0.366707 0.5 0.666667 0.0790533
0.979652 0.999908 0.000751368 0.0289934 0.4 0.5 0 0.113758 1 0.333333 0.0791098
0.990246 0.999509 0.0157895 0.0545222 0.942857 1 0 0.174385 1 0.666667 0.0793195
0.990246 0.999509 0.0157895 0.0545222 0.971429 1 0 0.174385 1 0.666667 0.0793195
0.984541 0.999023 0.00347368 0.0175055 0.228571 0.5 0 0.220478 1 0.333333 0.0794405
0.990246 0.999509 0.00355789 0.0165937 0.685714 0.5 0 0.174385 1 0.666667 0.07986
0.990246 0.999509 0.00355789 0.0165937 0.714286 0.5 0 0.174385 1 0.666667 0.07986
0.990246 0.999509 0.00355789 0.0165937 0.742857 0.5 0 0.174385 1 0.666667 0.07986
0.979652 0.999908 0.00614211 0.0882567 0.342857 0.5 0 0.195579 0.5 0.666667 0.0805295
0.979652 0.999908 0.00614211 0.0882567 0.371429 0.5 0 0.195579 0.5 0.666667 0.0805295
0.98722 0.999163 0.00881053 0.0501459 0.714286 1 0 0.185254 1 0.333333 0.0806666
0.984541 0.999023 0.00973684 0.0144055 0.285714 1 0 0.220478 1 0.333333 0.0806666
0.984541 0.999023 0.00973684 0.0144055 0.314286 1 0 0.220478 1 0.333333 0.0806666
0.984541 0.999023 0.0368421 0.0144055 0.285714 1 0 0.220478 1 0.333333 0.0806666
0.980455 0.999473 0.00631579 0.172502 0.685714 1 0 0.264226 1 0.666667 0.0806666
0.979652 0.999908 0.00631579 0.00364697 0.657143 0.5 0 0.197321 1 0.5 0.0806666
0.984541 0.999023 0.0105263 0.0545222 0.0571429 1 0 0.243552 1 0.666667 0.0806666
0.984541 0.999023 0.0210526 0.0545222 0.0571429 1 0 0.243552 1 0.666667 0.0806666
0.984541 0.999023 0.0105263 0.0545222 0.0285714 1 0 0.243552 0.5 0.666667 0.0806666
0.984541 0.999023 0.0210526 0.0545222 0.0285714 1 0 0.243552 1 0.666667 0.0806666
0.98722 0.999163 0.00144737 0.0501459 0.6 1 0 0.185254 0.5 0.333333 0.0806666
0.98722 0.999163 0.00144737 0.0501459 0.628571 1 0 0.185254 0.5 0.333333 0.0806666
0.979652 0.999908 0.00144737 0.0501459 0.514286 1 0 0.113758 0.5 0.333333 0.0806666
0.984356 1 0.00236842 0.100109 0.742857 0.5 0 0.180547 1 0.666667 0.0806666
0.984541 0.999023 0.000947368 0.0167761 0.828571 1 0 0.220478 1 0.333333 0.0806666
0.984541 0.999023 0.0197368 0.0796864 0.942857 1 0 0.238199 1 0.333333 0.0806666
0.984541 0.999023 0.0197368 0.0796864 0.971429 1 0 0.238199 0.5 0.333333 0.0806666
0.984541 0.999023 0.00473684 0.0145879 0.914286 0.5 0 0.390709 0.5 0.5 0.0806666
0.98251 0.99995 0.00144737 0.0587163 0.942857 1 0 0.246312 0.5 0.666667 0.0806666
0.98251 0.99995 0.00144737 0.0587163 0.971429 1 0 0.246312 1 0.666667 0.0806666
0.98251 0.99995 0.00144737 0.0587163 1 1 0 0.246312 0.5 0.666667 0.0806666
0.980455 0.999473 0.0148658 0.07531 0.885714 0.5 0 0.264226 1 0.666667 0.0806666
0.980455 0.999473 0.0148658 0.07531 0.914286 0.5 0 0.264226 1 0.666667 0.0806666
0.980455 0.999473 0.0148658 0.07531 0.942857 0.5 0 0.264226 0.5 0.666667 0.0806666
0.979652 0.999908 0.00614211 0.0882567 0.428571 0.5 0 0.195579 0.5 0.666667 0.0808764
0.980455 0.999473 0.00391053 0.0818745 0.514286 1 0 0.470285 0.5 0.666667 0.0814249
0.980455 0.999473 0.00391053 0.0818745 0.542857 1 0 0.470285 0.5 0.666667 0.0814249
0.980455 0.999473 0.000781579 0.0459519 0.714286 0.5 0 0.102964 1 0.333333 0.0814814
0.98251 0.99995 0.00130263 0.0694748 0.285714 0.5 0 0.366707 0.5 0.666667 0.0814814
0.98251 0.99995 0.00154421 0.0448578 0.457143 0.5 0 0.366707 0.5 0.666667 0.0824816
0.984541 0.999023 0.00178947 0.0144055 0.628571 1 0 0.390709 0.5 0.5 0.0830382
0.990246 0.999509 0.0157895 0.0545222 0.914286 1 0 0.174385 1 0.666667 0.0833528
0.990246 0.999509 0.0157895 0.0545222 0.942857 1 0 0.174385 1 0.666667 0.0833528
0.984541 0.999023 0.00106579 0.039752 0.171429 0.5 0 0.392965 1 0.5 0.0836513
0.984541 0.999023 0.00106579 0.039752 0.2 0.5 0 0.392965 1 0.5 0.0836513
0.98251 0.99995 0.00252632 0.0233406 0.0857143 0.5 0 0.14605 0.5 0.333333 0.0840304
0.98251 0.99995 0.00555789 0.0645514 0.428571 0.5 0 0.517655 0.5 0.666667 0.0840304
0.98251 0.99995 0.00555789 0.0645514 0.457143 0.5 0 0.517655 0.5 0.666667 0.0840304
0.98251 0.99995 0.00555789 0.0645514 0.485714 0.5 0 0.517655 0.5 0.666667 0.0840304
0.98251 0.99995 0.00555789 0.0519694 0.514286 0.5 0 0.517655 0.5 0.666667 0.0840304
0.98251 0.99995 0.00126316 0.0587163 0.857143 1 0 0.801364 1 0.333333 0.0840304
0.98251 0.99995 0.00126316 0.0587163 0.885714 1 0 0.801364 0.5 0.333333 0.0840304
0.98251 0.99995 0.00126316 0.0587163 0.942857 1 0 0.801364 0.5 0.333333 0.0840304
0.980455 0.999473 0.00302632 0.0587163 0.971429 0.5 0 0.264226 0.5 0.666667 0.0841756
0.984541 0.999023 0.00947368 0.0167761 0.8 1 0 0.220478 1 0.333333 0.0851517
0.984541 0.999023 0.00136842 0.0144055 0.0571429 1 0 0.220478 1 0.333333 0.0853211
0.984541 0.999023 0.00136842 0.0144055 0.0857143 1 0 0.220478 1 0.333333 0.0853211
0.984541 0.999023 0.00136842 0.0220642 0.0285714 0.5 0 0.392965 1 0.5 0.0853211
0.98251 0.99995 0.00172947 0.0231583 0.971429 0.5 0 0.14605 0.5 0.333333 0.085918
0.98251 0.99995 0.00289474 0.0233406 0.0285714 1 0 0.246312 0.5 0.666667 0.0879992
0.980455 0.999473 0.025 0.0977389 0.771429 1 0 0.264226 1 0.666667 0.0887333
0.980455 0.999473 0.025 0.0977389 0.8 1 0 0.264226 0.5 0.666667 0.0887333
0.980455 0.999473 0.00550263 0.0977389 0.914286 1 0 0.264226 0.5 0.666667 0.0887333
0.980455 0.999473 0.00550263 0.0977389 0.942857 1 0 0.264226 1 0.666667 0.0887333
0.980455 0.999473 0.00633684 0.0977389 0.857143 1 0 0.264226 0.5 0.666667 0.0887333
0.979652 0.999908 0.00921053 0.0977389 0.885714 1 0 0.195579 1 0.666667 0.0887333
0.979652 0.999908 0.0236842 0.0977389 0.885714 1 0 0.195579 0.5 0.666667 0.0887333
0.980455 0.999473 0.025 0.0977389 0.828571 1 0 0.264226 0.5 0.666667 0.0887333
0.984541 0.999023 0.000947368 0.0063822 0.285714 0.5 0 0.220478 1 0.333333 0.0896287
0.984541 0.999023 0.000947368 0.0063822 0.314286 0.5 0 0.220478 1 0.333333 0.0896287
0.979652 0.999908 0.0042 0.00364697 0.171429 0.5 0 0.197321 1 0.5 0.0909758
0.98251 0.99995 0.00163158 0.0231583 0.942857 0.5 0 0.14605 0.5 0.333333 0.0910726
0.98251 0.99995 0.00231579 0.0233406 0.142857 0.5 0 0.14605 1 0.333333 0.0916696
0.98251 0.99995 0.00231579 0.0233406 0.171429 0.5 0 0.14605 1 0.333333 0.0916696
0.98251 0.99995 0.00231579 0.0233406 0.2 0.5 0 0.14605 1 0.333333 0.0916696
0.98251 0.99995 0.00231579 0.0233406 0.257143 0.5 0 0.14605 1 0.333333 0.0916696
0.984541 0.999023 0.00136842 0.0144055 0.285714 1 0 0.220478 1 0.333333 0.0930732
0.980455 0.999473 0.00315789 0.0977389 0.771429 1 0 0.264226 0.5 0.666667 0.0934362
0.980455 0.999473 0.00315789 0.0977389 0.8 1 0 0.264226 0.5 0.666667 0.0934362
0.980455 0.999473 0.00315789 0.0977389 0.742857 1 0 0.264226 0.5 0.666667 0.0941138
0.980455 0.999473 0.00315789 0.0977389 0.771429 1 0 0.264226 0.5 0.666667 0.0941138
0.979652 0.999908 0.000269211 0.105762 0.142857 0.5 0 0.197321 1 0.5 0.094622
0.984541 0.999023 0.00114632 0.0242524 0.285714 0.5 0 0.392965 1 0.5 0.0962998
0.99233 0.99986 0.00176316 0.320204 0.257143 1 0 0.304488 0.5 1 0.096316
0.980455 0.999473 0.00758421 0.0977389 0.714286 1 0 0.264226 0.5 0.666667 0.0968
0.980455 0.999473 0.00633684 0.0977389 0.828571 1 0 0.264226 0.5 0.666667 0.0968
0.980455 0.999473 0.00633684 0.0977389 0.857143 1 0 0.264226 0.5 0.666667 0.0968
0.984541 0.999023 0.00736842 0.317834 0.971429 1 0 0.220478 0.5 0.333333 0.0968
0.984541 0.999023 0.00736842 0.317834 1 1 0 0.220478 0.5 0.333333 0.0968
0.984541 0.999023 0.00722895 0.0167761 0.771429 1 0 0.220478 1 0.333333 0.0969048
0.984541 0.999023 0.00119737 0.148614 0.314286 0.5 0 0.220478 0.5 0.333333 0.0975098
0.980455 0.999473 0.00238816 0.0977389 0.857143 1 0 0.264226 0.5 0.666667 0.097776
0.984541 0.999023 0.000947368 0.0386579 0.228571 0.5 0 0.392965 1 0.5 0.0984133
0.984541 0.999023 0.00189474 0.0386579 0.228571 0.5 0 0.392965 1 0.5 0.0984133
0.98251 0.99995 0.00232895 0.0278993 0.628571 0.5 0 0.14605 1 0.333333 0.0984375
0.98251 0.99995 0.00232895 0.0278993 0.657143 0.5 0 0.14605 1 0.333333 0.0984375
0.98251 0.99995 0.00232895 0.0278993 0.685714 0.5 0 0.14605 1 0.333333 0.0984375
0.98251 0.99995 0.00232895 0.0278993 0.714286 0.5 0 0.14605 1 0.333333 0.0984375
0.98251 0.99995 0.00232895 0.0278993 0.742857 0.5 0 0.14605 1 0.333333 0.0984375
0.98251 0.99995 0.00232895 0.0278993 0.771429 0.5 0 0.14605 1 0.333333 0.0984375
0.98251 0.99995 0.00232895 0.0278993 0.8 0.5 0 0.14605 1 0.333333 0.0984375
0.98251 0.99995 0.000752632 0.0455872 0.685714 0.5 0 0.14605 0.5 0.333333 0.0987198
0.979652 0.999908 0.00555789 0.0585339 0.0571429 1 0 0.195579 0.5 0.666667 0.0993087
0.979652 0.999908 0.00555789 0.0585339 0.285714 1 0 0.195579 0.5 0.666667 0.0993087
0.979652 0.999908 0.00555789 0.0585339 0.314286 1 0 0.195579 1 0.666667 0.0993087
0.979652 0.999908 0.00555789 0.0585339 0.342857 1 0 0.195579 1 0.666667 0.0993087
0.979652 0.999908 0.00555789 0.0585339 0.371429 1 0 0.195579 0.5 0.666667 0.0993087
0.979652 0.999908 0.00555789 0.0585339 0.4 1 0 0.195579 0.5 0.666667 0.0993087
0.979652 0.999908 0.00555789 0.0585339 0.0285714 1 0 0.195579 1 0.666667 0.0993087
0.979652 0.999908 0.00555789 0.0585339 0.428571 1 0 0.195579 1 0.666667 0.0993087
0.979652 0.999908 0.00555789 0.0585339 0.457143 1 0 0.195579 0.5 0.666667 0.0993087
0.984541 0.999023 0.00106579 0.0386579 0.771429 0.5 0 0.392965 1 0.5 0.099591
0.98251 0.99995 0.00231579 0.0233406 0.0285714 1 0 0.246312 0.5 0.666667 0.100833
0.98251 0.99995 0.00231579 0.0233406 0.0571429 1 0 0.246312 0.5 0.666667 0.100833
0.984541 0.999023 0.000947368 0.0167761 0.857143 1 0 0.220478 1 0.333333 0.100833
0.98251 0.99995 0.0204474 0.0694748 0.171429 0.5 0 0.366707 1 0.666667 0.10164
0.98251 0.99995 0.0204474 0.0694748 0.2 0.5 0 0.366707 1 0.666667 0.10164
0.984541 0.999023 0.000789474 0.0311816 0.685714 0.5 0 0.392965 1 0.5 0.10218
0.984541 0.999023 0.000789474 0.0311816 0.714286 0.5 0 0.392965 1 0.5 0.10218
0.98251 0.99995 0.00225789 0.0231583 0.542857 0.5 0 0.246312 0.5 0.666667 0.103423
0.98251 0.99995 0.00225789 0.0231583 0.571429 0.5 0 0.246312 0.5 0.666667 0.103423
0.98251 0.99995 0.0204474 0.0694748 0.142857 0.5 0 0.366707 0.5 0.666667 0.10406
0.98251 0.99995 0.0204474 0.0694748 0.114286 0.5 0 0.366707 0.5 0.666667 0.10406
0.984541 0.999023 0.00244211 0.0167761 0.628571 1 0 0.220478 0.5 0.333333 0.10431
0.984541 0.999023 0.00769737 0.317834 0.542857 1 0 0.220478 0.5 0.333333 0.104794
0.984541 0.999023 0.00769737 0.317834 0.571429 1 0 0.220478 0.5 0.333333 0.104794
0.984541 0.999023 0.00769737 0.317834 0.571429 1 0 0.220478 0.5 0.333333 0.104794
0.984541 0.999023 0.00769737 0.317834 0.6 1 0 0.220478 0.5 0.333333 0.104794
0.98251 0.99995 0.00397105 0.0278993 0.542857 0.5 0 0.14605 1 0.333333 0.104818
0.98251 0.99995 0.00397105 0.0278993 0.571429 0.5 0 0.14605 1 0.333333 0.104818
0.98251 0.99995 0.00397105 0.0278993 0.6 0.5 0 0.14605 1 0.333333 0.104818
0.98251 0.99995 0.00397105 0.0278993 0.628571 0.5 0 0.14605 1 0.333333 0.104818
0.984356 1 0.0210526 0.157732 0.142857 0.5 0 0 1 0.333333 0.104867
0.990246 0.999509 0.00501513 0.0377462 0.514286 0.5 0 0.174385 1 0.666667 0.105818
0.98251 0.99995 0.000495132 0.0435813 0.657143 0.5 0 0.0982594 1 0.666667 0.107182
0.98251 0.99995 0.000495132 0.0435813 0.6 0.5 0 0.0982594 1 0.666667 0.107182
0.98251 0.99995 0.000495132 0.0435813 0.628571 0.5 0 0.0982594 1 0.666667 0.107182
0.98251 0.99995 0.000495132 0.0435813 0.685714 0.5 0 0.0982594 1 0.666667 0.107182
0.98251 0.99995 0.000495132 0.0435813 0.714286 0.5 0 0.0982594 1 0.666667 0.107182
0.98251 0.99995 0.00691789 0.0206054 0.171429 0.5 0 0.14605 1 0.333333 0.1074
0.984541 0.999023 0.00134211 0.0309993 0.685714 0.5 0 0.392965 1 0.5 0.107553
0.984541 0.999023 0.00134211 0.0309993 0.714286 0.5 0 0.392965 1 0.5 0.107553
0.98251 0.99995 0.0141842 0.0694748 0.857143 0.5 0 0.366707 1 0.666667 0.109255
0.984356 1 0.00173684 0.14205 0.6 0.5 0 0.192586 1 0.666667 0.109997
0.984541 0.999023 0.00347368 0.0175055 0.2 0.5 0 0.220478 0.5 0.333333 0.109997
0.98251 0.99995 0.00767105 0.0694748 0.485714 0.5 0 0.366707 0.5 0.666667 0.110691
0.98251 0.99995 0.0139474 0.0694748 0.885714 0.5 0 0.366707 1 0.666667 0.111102
0.98251 0.99995 0.0139474 0.0616338 0.914286 0.5 0 0.366707 1 0.666667 0.111102
0.98251 0.99995 0.00266842 0.0645514 0.257143 0.5 0 0.304488 0.5 1 0.111376
0.979652 0.999908 0.00208421 0.0368344 0.828571 0.5 0 0.232235 1 0.666667 0.112038
0.984541 0.999023 0.00178947 0.0164114 0.542857 0.5 0 0.220478 1 0.333333 0.112699
0.98251 0.99995 0.00665789 0.0928155 0.485714 0.5 0 0.366707 0.5 0.666667 0.112869
0.984541 0.999023 0.00103421 0.043946 0.771429 1 0 0.390709 1 0.5 0.112893
0.984541 0.999023 0.00103421 0.043946 0.8 1 0 0.390709 1 0.5 0.112893
0.984541 0.999023 0.00103421 0.043946 0.828571 1 0 0.390709 1 0.5 0.112893
0.98251 0.99995 0.0107895 0.0694748 0.428571 0.5 0 0.366707 1 0.666667 0.112933
0.98251 0.99995 0.0107895 0.0694748 0.457143 0.5 0 0.366707 1 0.666667 0.112933
0.984541 0.999023 0.00842105 0.00984683 0.657143 0.5 0 0.220478 1 0.333333 0.112933
0.984356 1 0.000921053 0.0773158 0.657143 1 0 0.180547 0.5 0.666667 0.11524
0.979652 0.999908 0.000513158 0.0995624 0.114286 0.5 0 0.195579 1 0.666667 0.115829
0.98251 0.99995 0.00547105 0.0351933 1 1 0 0 0.5 0.666667 0.116402
0.979652 0.999908 0.00208421 0.0368344 1 0.5 0 0.232235 1 0.666667 0.117128
0.984541 0.999023 0.00234474 0.0545222 0.228571 1 0 0.392965 1 0.5 0.117693
0.984541 0.999023 0.00234474 0.0545222 0.257143 1 0 0.392965 1 0.5 0.117693
0.984541 0.999023 0.00234474 0.0545222 0.285714 1 0 0.392965 1 0.5 0.117693
0.98251 0.99995 0.00116842 0.0233406 0.971429 0.5 0 0.14605 1 0.333333 0.118096
0.98251 0.99995 0.00116842 0.0233406 1 0.5 0 0.14605 1 0.333333 0.118096
0.980455 0.999473 0.000625263 0.0499635 0.257143 0.5 0 0.102964 1 0.333333 0.11883
0.98251 0.99995 0.0194737 0.0233406 0.971429 0.5 0 0.14605 1 0.333333 0.119911
0.98251 0.99995 0.0194737 0.0233406 1 0.5 0 0.14605 1 0.333333 0.119911
0.99233 0.99986 0.0205263 0.157732 0.342857 0.5 0 0.304488 1 1 0.121
0.984356 1 0.0210526 0.157732 0.114286 0.5 0 0 0.5 0.333333 0.121
0.984356 1 0.0243033 0.0977389 0.771429 1 0 0.777808 1 0.833333 0.121
0.984356 1 0.0301296 0.0977389 0.742857 1 0 0.777808 1 0.833333 0.121
0.98251 0.99995 0.00723684 0.0760394 0.285714 0.5 0 0.517655 0.5 0.666667 0.121
0.98251 0.99995 0.00723684 0.0760394 0.314286 0.5 0 0.517655 1 0.666667 0.121
0.984541 0.999023 0.0127868 0.0337345 0.628571 0.5 0 0.220478 1 0.333333 0.121
0.984541 0.999023 0.0127868 0.0337345 0.657143 0.5 0 0.220478 0.5 0.333333 0.121
0.984541 0.999023 0.0127868 0.0337345 0.685714 0.5 0 0.220478 1 0.333333 0.121
0.984541 0.999023 0.0127868 0.0337345 0.714286 0.5 0 0.220478 1 0.333333 0.121
0.984541 0.999023 0.0127868 0.0337345 0.742857 0.5 0 0.220478 0.5 0.333333 0.121
0.984541 0.999023 0.0127868 0.0337345 0.771429 0.5 0 0.220478 0.5 0.333333 0.121
0.984541 0.999023 0.0127868 0.0337345 0.8 0.5 0 0.220478 1 0.333333 0.121
0.98251 0.99995 0.00315789 0.0519694 0.2 0.5 0 0.517655 0.5 0.666667 0.121
0.98251 0.99995 0.00315789 0.0519694 0.228571 0.5 0 0.517655 1 0.666667 0.121
0.980455 0.999473 0.000789474 0.0574398 0.685714 0.5 0 0.133255 1 0.333333 0.121
0.980455 0.999473 0.00947368 0.0977389 0.971429 1 0 0.264226 0.5 0.666667 0.121
0.984356 1 0.0243026 0.0977389 0.857143 1 0 0.777808 1 0.833333 0.121
0.984356 1 0.0243026 0.0977389 0.885714 1 0 0.777808 1 0.833333 0.121
0.984356 1 0.0243026 0.0977389 0.914286 1 0 0.777808 1 0.833333 0.121
0.984356 1 0.0243026 0.0977389 0.942857 1 0 0.777808 0.5 0.833333 0.121
0.990246 0.999509 0.00631579 0.0545222 0.885714 1 0 0.174385 0.5 0.666667 0.121
0.990246 0.999509 0.00631579 0.0545222 0.914286 1 0 0.174385 1 0.666667 0.121
0.984541 0.999023 0.00273684 0.0147702 0.971429 0.5 0 0.220478 0.5 0.333333 0.121
0.984541 0.999023 0.00273684 0.0147702 1 0.5 0 0.220478 0.5 0.333333 0.121
0.984541 0.999023 0.00103421 0.0165937 0.685714 0.5 0 0.220478 1 0.333333 0.121105
0.984541 0.999023 0.00103421 0.043946 0.657143 1 0 0.390709 1 0.5 0.121105
0.984541 0.999023 0.00103421 0.043946 0.714286 1 0 0.390709 1 0.5 0.121105
0.984541 0.999023 0.00103421 0.043946 0.742857 1 0 0.390709 1 0.5 0.121105
0.984541 0.999023 0.00103421 0.043946 0.771429 1 0 0.390709 1 0.5 0.121105
0.98251 0.99995 0.00130263 0.079504 0.0285714 0.5 0 0.761107 0.5 0.666667 0.122226
0.98251 0.99995 0.00130263 0.079504 0.0571429 0.5 0 0.761107 1 0.666667 0.122226
0.98251 0.99995 0.00130263 0.079504 0.0857143 0.5 0 0.761107 1 0.666667 0.122226
0.984541 0.999023 0.00103421 0.043946 0.628571 1 0 0.390709 1 0.5 0.123154
0.984541 0.999023 0.00103421 0.043946 0.657143 1 0 0.390709 1 0.5 0.123154
0.979652 0.999908 0.00223553 0.151714 0.514286 0.5 0 0.195579 0.5 0.666667 0.123444
0.990246 0.999509 0.00123158 0.0463166 0.771429 0.5 0 0.10147 1 0.333333 0.124106
0.990246 0.999509 0.00123158 0.0463166 0.8 0.5 0 0.10147 1 0.333333 0.124106
0.98251 0.99995 0.00460526 0.0206054 0.914286 0.5 0 0.14605 1 0.333333 0.124461
0.98251 0.99995 0.00460526 0.0206054 0.942857 0.5 0 0.14605 1 0.333333 0.124461
0.979652 0.999908 0.00186053 0.0466813 0.542857 0.5 0 0.197321 1 0.5 0.125509
0.979652 0.999908 0.00186053 0.0466813 0.571429 0.5 0 0.197321 1 0.5 0.125509
0.979652 0.999908 0.00186053 0.0466813 0.571429 0.5 0 0.197321 1 0.5 0.125509
0.979652 0.999908 0.00186053 0.0466813 0.6 0.5 0 0.197321 1 0.5 0.125509
0.979652 0.999908 0.00186053 0.0466813 0.628571 0.5 0 0.197321 1 0.5 0.125509
0.979652 0.999908 0.00186053 0.0466813 0.657143 0.5 0 0.197321 1 0.5 0.125509
0.979652 0.999908 0.00186053 0.0466813 0.685714 0.5 0 0.197321 1 0.5 0.125509
0.979652 0.999908 0.00186053 0.0466813 0.714286 0.5 0 0.197321 1 0.5 0.125509
0.979652 0.999908 0.00186053 0.0466813 0.742857 0.5 0 0.197321 1 0.5 0.125509
0.98251 0.99995 0.00547105 0.0351933 0.971429 1 0 0 0.5 0.666667 0.128042
0.98251 0.99995 0.00547105 0.0351933 1 1 0 0 0.5 0.666667 0.128042
0.984541 0.999023 0.00478947 0.016229 0.457143 0.5 0 0.220478 1 0.333333 0.128534
0.984541 0.999023 0.00440789 0.0875274 0.8 1 0 0.392965 1 0.5 0.129067
0.990246 0.999509 0.0018 0.0353756 0.628571 0.5 0 0.10147 1 0.333333 0.129728
0.990246 0.999509 0.0018 0.0353756 0.657143 0.5 0 0.10147 1 0.333333 0.129728
0.98251 0.99995 0.00244737 0.075857 0.657143 1 0 0.141331 1 0.666667 0.130107
0.984356 1 0.00526316 0.00273523 0.628571 1 0 0.0860828 1 0.5 0.1331
0.98251 0.99995 0.00110526 0.0218818 0.742857 0.5 0 0.14605 1 0.333333 0.134447
0.98251 0.99995 0.00110526 0.0218818 0.771429 0.5 0 0.14605 1 0.333333 0.134447
0.984356 1 0.00314474 0.0736689 1 0.5 0 0.777808 0.5 0.833333 0.135004
0.98251 0.99995 0.00164211 0.0206054 0.942857 0.5 0 0.14605 1 0.333333 0.135738
0.98251 0.99995 0.0171053 0.0216995 0.8 1 0 0.246312 1 0.666667 0.136512
0.98251 0.99995 0.0171053 0.0233406 0.6 1 0 0.246312 1 0.666667 0.136512
0.979652 0.999908 0.00186053 0.0466813 0.514286 0.5 0 0.197321 1 0.5 0.136915
0.979652 0.999908 0.00186053 0.0466813 0.542857 0.5 0 0.197321 1 0.5 0.136915
0.984541 0.999023 0.00262105 0.0167761 0.514286 1 0 0.220478 1 0.333333 0.137682
0.984541 0.999023 0.00262105 0.0167761 0.542857 1 0 0.220478 1 0.333333 0.137682
0.990246 0.999509 0.000421658 0.023523 0.428571 0.5 0 0.10147 1 0.333333 0.140965
0.980455 0.999473 0.00133158 0.10558 0.628571 0.5 0 0.470285 0.5 0.666667 0.143482
0.980455 0.999473 0.00736842 0.0977389 0.428571 1 0 0.330569 0.5 0.666667 0.144046
0.980455 0.999473 0.00736842 0.0977389 0.457143 1 0 0.330569 0.5 0.666667 0.144046
0.99233 0.99986 0.00132632 0.184354 0.514286 1 0 0.304488 0.5 1 0.144046
0.99233 0.99986 0.00132632 0.184354 0.542857 1 0 0.304488 0.5 1 0.144046
0.99233 0.99986 0.00132632 0.184354 0.571429 1 0 0.304488 0.5 1 0.144046
0.99233 0.99986 0.00132632 0.184354 0.6 1 0 0.304488 0.5 1 0.144046
0.99233 0.99986 0.00132632 0.184354 0.628571 1 0 0.304488 0.5 1 0.144046
0.98251 0.99995 0.000218105 0.0534282 0.2 0.5 0 0.761107 1 0.666667 0.14599
0.98251 0.99995 0.000218105 0.0534282 0.228571 0.5 0 0.761107 1 0.666667 0.14599
0.980455 0.999473 0.00130263 0.0931802 0.942857 1 0 0.330569 0.5 0.666667 0.146668
0.980455 0.999473 0.00130263 0.0931802 0.971429 1 0 0.330569 0.5 0.666667 0.146668
0.980455 0.999473 0.00130263 0.0931802 1 1 0 0.330569 0.5 0.666667 0.146668
0.984541 0.999023 0.00315789 0.0167761 0.8 1 0 0.220478 1 0.333333 0.147886
0.984541 0.999023 0.00315789 0.0167761 0.828571 1 0 0.220478 1 0.333333 0.147886
0.984541 0.999023 0.00315789 0.0167761 0.857143 1 0 0.220478 1 0.333333 0.147886
0.984541 0.999023 0.00315789 0.0167761 0.885714 1 0 0.220478 1 0.333333 0.147886
0.984541 0.999023 0.00315789 0.0167761 0.971429 1 0 0.220478 1 0.333333 0.147886
0.984541 0.999023 0.00315789 0.0167761 1 1 0 0.220478 1 0.333333 0.147886
0.984541 0.999023 0.00119737 0.0393873 0.371429 0.5 0 0.220478 1 0.333333 0.150693
0.984541 0.999023 0.00139737 0.0216995 0.914286 0.5 0 0.220478 1 0.333333 0.151911
0.99233 0.99986 0.00132632 0.184354 0.485714 1 0 0.304488 0.5 1 0.152049
0.99233 0.99986 0.000680263 0.2469 0.771429 1 0 0.304488 0.5 1 0.152912
0.98251 0.99995 0.00110526 0.0218818 0.685714 0.5 0 0.14605 1 0.333333 0.153654
0.98251 0.99995 0.00110526 0.0218818 0.714286 0.5 0 0.14605 1 0.333333 0.153654
0.98251 0.99995 0.00110526 0.0218818 0.742857 0.5 0 0.14605 1 0.333333 0.153654
0.990246 0.999509 0.00378947 0.0165937 0.0285714 0.5 0 0.174385 1 0.666667 0.156848
0.98251 0.99995 0.00268421 0.0692925 0.8 0.5 0 0.517655 0.5 0.666667 0.158171
0.980455 0.999473 0.00133158 0.10558 0.457143 0.5 0 0.470285 1 0.666667 0.159421
0.980455 0.999473 0.00133158 0.10558 0.485714 0.5 0 0.470285 1 0.666667 0.159421
0.980455 0.999473 0.00133158 0.10558 0.514286 0.5 0 0.470285 1 0.666667 0.159421
0.99233 0.99986 0.00159211 0.114515 0.714286 0.5 0 0.304488 0.5 1 0.160002
0.99233 0.99986 0.00132632 0.184354 0.371429 1 0 0.304488 0.5 1 0.160051
0.98251 0.99995 0.00473684 0.0351933 0.0857143 1 0 0 1 0.666667 0.161333
0.984541 0.999023 0.00652632 0.317834 0.114286 1 0 0.220478 1 0.333333 0.162632
0.984541 0.999023 0.00652632 0.317834 0.142857 1 0 0.220478 1 0.333333 0.162632
0.974345 0.998959 0.00652632 0.043946 0.171429 1 0 0.183363 1 0.333333 0.162632
0.974345 0.998959 0.00652632 0.043946 0.2 1 0 0.183363 1 0.333333 0.162632
0.974345 0.998959 0.00652632 0.043946 0.228571 1 0 0.183363 1 0.333333 0.162632
0.984541 0.999023 0.00103421 0.043946 0.628571 1 0 0.390709 1 0.5 0.164205
0.98251 0.99995 0.00127368 0.0344639 0.914286 0.5 0 0.761107 1 0.666667 0.166665
0.98251 0.99995 0.00127368 0.0344639 0.942857 0.5 0 0.761107 1 0.666667 0.166665
0.980455 0.999473 0.00151974 0.0702042 0.657143 0.5 0 0.35682 1 0.666667 0.167617
0.980455 0.999473 0.00151974 0.0463166 0.685714 0.5 0 0.35682 1 0.666667 0.167617
0.984541 0.999023 0.00119737 0.0393873 0.314286 0.5 0 0.220478 1 0.333333 0.168424
0.984541 0.999023 0.00119737 0.0393873 0.342857 0.5 0 0.220478 1 0.333333 0.168424
0.98251 0.99995 0.00473684 0.0351933 0.114286 1 0 0 1 0.666667 0.170295
0.98251 0.99995 0.00473684 0.0351933 0.142857 1 0 0 1 0.666667 0.170295
0.98251 0.99995 0.00273684 0.0645514 0.742857 0.5 0 0.517655 1 0.666667 0.170642
0.98251 0.99995 0.00273684 0.0645514 0.771429 0.5 0 0.517655 1 0.666667 0.170642
0.984541 0.999023 0.00447368 0.317834 0.6 1 0 0.220478 1 0.333333 0.17082
0.980455 0.999473 0.00133158 0.10558 0.4 0.5 0 0.470285 1 0.666667 0.175361
0.980455 0.999473 0.00133158 0.10558 0.428571 0.5 0 0.470285 1 0.666667 0.175361
0.99233 0.99986 0.00132632 0.184354 0.314286 1 0 0.304488 0.5 1 0.176055
0.99233 0.99986 0.00132632 0.184354 0.342857 1 0 0.304488 0.5 1 0.176055
0.99233 0.99986 0.00132632 0.184354 0.371429 1 0 0.304488 0.5 1 0.176055
0.979652 0.999908 0.000839474 0.0587163 0.114286 0.5 0 0.197321 1 0.5 0.177015
0.984541 0.999023 0.00113684 0.0970095 0.657143 0.5 0 0.220478 1 0.333333 0.177394
0.984541 0.999023 0.00113684 0.0970095 0.685714 0.5 0 0.220478 1 0.333333 0.177394
0.984541 0.999023 0.00113684 0.0970095 0.714286 0.5 0 0.220478 1 0.333333 0.177394
0.984541 0.999023 0.00113684 0.0970095 0.742857 0.5 0 0.220478 1 0.333333 0.177394
0.98251 0.99995 0.00263158 0.0645514 0.771429 0.5 0 0.517655 1 0.666667 0.177467
0.98251 0.99995 0.00263158 0.0645514 0.8 0.5 0 0.517655 1 0.666667 0.177467
0.98251 0.99995 0.00578947 0.113239 0.2 0.5 0 0.505432 0.5 0.666667 0.177467
0.990246 0.999509 0.00613684 0.0165937 0.371429 0.5 0 0.174385 1 0.666667 0.177467
0.984541 0.999023 0.000657895 0.00273523 0.828571 0.5 0 0.088223 1 0.333333 0.177467
0.984356 1 0.0113158 0.0351933 1 1 0 0.777808 1 0.833333 0.177467
0.984541 0.999023 0.00178947 0.0368344 0.314286 1 0 0.120673 1 0.666667 0.177943
0.98251 0.99995 0.00315789 0.19876 0.0285714 0.5 0 0.253311 1 0.666667 0.178136
0.984541 0.999023 0.00136842 0.0875274 0.428571 1 0 0.392965 1 0.5 0.178394
0.980455 0.999473 0.00257895 0.0470459 0.914286 0.5 0 0.35682 1 0.666667 0.181089
0.98251 0.99995 0.00468684 0.0351933 0.771429 1 0 0 1 0.666667 0.181169
0.984541 0.999023 0.00465263 0.0351933 0.485714 1 0 0.392965 1 0.5 0.1825
0.984541 0.999023 0.00465263 0.0351933 0.514286 1 0 0.392965 1 0.5 0.1825
0.984541 0.999023 0.00465263 0.0351933 0.542857 1 0 0.392965 1 0.5 0.1825
0.98251 0.99995 0.00266842 0.0645514 0.628571 0.5 0 0.517655 1 0.666667 0.182968
0.98251 0.99995 0.00266842 0.0645514 0.657143 0.5 0 0.517655 1 0.666667 0.182968
0.98251 0.99995 0.00266842 0.0645514 0.685714 0.5 0 0.517655 1 0.666667 0.182968
0.99233 0.99986 0.00225789 0.189096 0.828571 0.5 0 0.304488 0.5 1 0.183331
0.99233 0.99986 0.00225789 0.189096 0.857143 0.5 0 0.304488 0.5 1 0.183331
0.99233 0.99986 0.00225789 0.189096 0.914286 0.5 0 0.304488 0.5 1 0.183331
0.99233 0.99986 0.00253158 0.184354 0.0285714 1 0 0.304488 0.5 1 0.184477
0.984541 0.999023 0.0157895 0.0351933 0.142857 1 0 0.220478 1 0.333333 0.185533
0.984541 0.999023 0.0157895 0.0351933 0.171429 1 0 0.220478 1 0.333333 0.185533
0.984356 1 0.00652632 0.236506 0.771429 1 0 0.777808 0.5 0.833333 0.185533
0.99233 0.99986 0.00560526 0.0900802 0.428571 1 0 0.304488 0.5 1 0.189357
0.980455 0.999473 0.00246053 0.10795 0.885714 0.5 0 0.35682 1 0.666667 0.189567
0.980455 0.999473 0.00246053 0.10795 0.914286 0.5 0 0.35682 1 0.666667 0.189567
0.980455 0.999473 0.00133158 0.10558 0.371429 0.5 0 0.470285 1 0.666667 0.191301
0.980455 0.999473 0.00150105 0.157732 0.885714 0.5 0 0.35682 1 0.666667 0.196714
0.984356 1 0.0157895 0.0351933 0.371429 1 0 0.777808 1 0.833333 0.201667
0.984356 1 0.0176316 0.0351933 0.0857143 1 0 0.777808 1 0.833333 0.201667
0.984356 1 0.0176316 0.0351933 0.114286 1 0 0.777808 1 0.833333 0.201667
0.984541 0.999023 0.00273684 0.0875274 0.342857 1 0 0.392965 1 0.5 0.201667
0.98251 0.99995 0.00210526 0.0233406 0.971429 0.5 0 0.517655 1 0.666667 0.201667
0.984541 0.999023 0.0159474 0.0337345 1 0.5 0 0.220478 1 0.333333 0.201667
0.98251 0.99995 0.00468684 0.0351933 0.685714 1 0 0 1 0.666667 0.20382
0.98251 0.99995 0.00519737 0.0578045 0.6 0.5 0 0.366707 1 0.666667 0.204216
0.98251 0.99995 0.00519737 0.0578045 0.628571 0.5 0 0.366707 1 0.666667 0.204216
0.980455 0.999473 0.00246053 0.10795 0.885714 0.5 0 0.35682 1 0.666667 0.207055
0.980455 0.999473 0.00246053 0.10795 0.914286 0.5 0 0.35682 1 0.666667 0.207055
0.980455 0.999473 0.00246053 0.10795 0.942857 0.5 0 0.35682 1 0.666667 0.207055
0.99233 0.99986 0.00526316 0.184354 0.485714 1 0 0.304488 0.5 1 0.213767
0.98251 0.99995 0.00252632 0.121627 0.285714 1 0 0.517655 1 0.666667 0.213767
0.98251 0.99995 0.00329474 0.0760394 0.0857143 0.5 0 0.517655 1 0.666667 0.21584
0.984541 0.999023 0.0176316 0.0351933 0.2 1 0 0.220478 1 0.333333 0.216719
0.98251 0.99995 0.00176316 0.0216995 0.942857 1 0 0.246312 1 0.666667 0.216719
0.979652 0.999908 0.00146053 0.00364697 0.8 0.5 0 0.197321 1 0.5 0.218018
0.984356 1 0.00252632 0.478301 0.685714 1 0 0.777808 0.5 0.833333 0.218469
0.984356 1 0.00347368 0.0692925 0.514286 0.5 0 0.777808 1 0.833333 0.220002
0.984356 1 0.00347368 0.0692925 0.542857 0.5 0 0.777808 1 0.833333 0.220002
0.98251 0.99995 0.00144737 0.0694748 0.942857 0.5 0 0.366707 1 0.666667 0.220002
0.98251 0.99995 0.00144737 0.0694748 0.971429 0.5 0 0.366707 1 0.666667 0.220002
0.984356 1 0.00429868 0.138038 0.171429 0.5 0 0.777808 1 0.833333 0.22222
0.980455 0.999473 0.000955263 0.0694748 0.428571 0.5 0 0.470285 1 0.666667 0.22222
0.980455 0.999473 0.000955263 0.0694748 0.4 0.5 0 0.470285 0.5 0.666667 0.22222
0.984541 0.999023 0.00161842 0.317834 0.828571 1 0 0.220478 1 0.333333 0.222979
0.980455 0.999473 0.00157368 0.0931802 0.4 1 0 0.330569 1 0.666667 0.229319
0.984356 1 0.00448461 0.129103 0.485714 1 0 0.777808 0.5 0.833333 0.233127
0.99233 0.99986 0.0160526 0.157002 0.714286 1 0 0.304488 0.5 1 0.233933
0.984356 1 0.00652632 0.236506 0.8 1 0 0.777808 0.5 0.833333 0.233933
0.984356 1 0.00652632 0.236506 0.828571 1 0 0.777808 0.5 0.833333 0.233933
0.984356 1 0.00652632 0.236506 0.857143 1 0 0.777808 0.5 0.833333 0.233933
0.984356 1 0.00652632 0.236506 0.885714 1 0 0.777808 0.5 0.833333 0.233933
0.984356 1 0.00652632 0.236506 0.942857 1 0 0.777808 0.5 0.833333 0.233933
0.979652 0.999908 0.00350526 0.0995624 0.514286 0.5 0 0.155834 1 0.666667 0.236184
0.984356 1 0.00305263 0.0450401 0.314286 0.5 0 0.777808 1 0.833333 0.236434
0.984356 1 0.00305263 0.0450401 0.342857 0.5 0 0.777808 1 0.833333 0.236434
0.984356 1 0.00305263 0.0450401 0.371429 0.5 0 0.777808 1 0.833333 0.236434
0.984356 1 0.00305263 0.0450401 0.4 0.5 0 0.777808 1 0.833333 0.236434
0.984356 1 0.00305263 0.0450401 0.428571 0.5 0 0.777808 1 0.833333 0.236434
0.984356 1 0.00305263 0.0450401 0.457143 0.5 0 0.777808 1 0.833333 0.236434
0.984356 1 0.00305263 0.0450401 0.485714 0.5 0 0.777808 1 0.833333 0.236434
0.984356 1 0.00347368 0.0692925 0.371429 0.5 0 0.777808 1 0.833333 0.23833
0.984356 1 0.00347368 0.0692925 0.4 0.5 0 0.777808 1 0.833333 0.23833
0.984356 1 0.00347368 0.0692925 0.428571 0.5 0 0.777808 1 0.833333 0.23833
0.98251 0.99995 0.00793684 0.0645514 0.0857143 0.5 0 0.517655 1 0.666667 0.240717
0.984356 1 0.0126316 0.157002 0.285714 1 0 0.777808 1 0.833333 0.242
0.984356 1 0.0126316 0.157002 0.314286 1 0 0.777808 1 0.833333 0.242
0.984356 1 0.00263158 0.478301 0.342857 1 0 0.777808 0.5 0.833333 0.242
0.984541 0.999023 0.0159474 0.0337345 0.914286 0.5 0 0.220478 1 0.333333 0.242
0.98251 0.99995 0.00315789 0.109592 0.714286 0.5 0 0.761107 1 0.666667 0.248719
0.984356 1 0.00306316 0.117433 0.314286 0.5 0 0.777808 0.5 0.833333 0.249486
0.984356 1 0.00210526 0.157002 0.342857 1 0 0.777808 0.5 0.833333 0.252083
0.984541 0.999023 0.00631579 0.0875274 0.542857 1 0 0.392965 0.5 0.5 0.252083
0.984541 0.999023 0.00631579 0.0875274 0.571429 1 0 0.392965 1 0.5 0.252083
0.984356 1 0.00252632 0.478301 0.485714 1 0 0.777808 1 0.833333 0.252083
0.984356 1 0.00252632 0.478301 0.514286 1 0 0.777808 0.5 0.833333 0.252083
0.984356 1 0.00252632 0.478301 0.542857 1 0 0.777808 1 0.833333 0.252083
0.984356 1 0.00399474 0.0463166 0.8 0.5 0 0.777808 1 0.833333 0.255076
0.98251 0.99995 0.000312632 0.0364697 0.314286 0.5 0 0 1 0.666667 0.258028
0.984356 1 0.00615789 0.0364697 1 0.5 0 0.777808 1 0.833333 0.258133
0.984541 0.999023 0.000484474 0.0133115 0.457143 0.5 0 0.111714 1 0.666667 0.262893
0.984541 0.999023 0.000484474 0.0133115 0.485714 0.5 0 0.111714 1 0.666667 0.262893
0.984356 1 0.00794924 0.157732 0.171429 0.5 0 0 1 0.333333 0.267047
0.99233 0.99986 0.000859737 0.134391 0.8 0.5 0 0.304488 0.5 1 0.271605
0.99233 0.99986 0.00227368 0.113056 0.285714 1 0 0.304488 1 1 0.280091
0.98251 0.99995 0.00101842 0.160832 0.314286 0.5 0 1 0.5 1 0.281397
0.984356 1 0.00921053 0.129103 0.485714 1 0 0.777808 1 0.833333 0.282333
0.984356 1 0.00921053 0.129103 0.514286 1 0 0.777808 0.5 0.833333 0.282333
0.984356 1 0.00921053 0.129103 0.542857 1 0 0.777808 1 0.833333 0.282333
0.984356 1 0.00921053 0.129103 0.6 1 0 0.777808 1 0.833333 0.282333
0.984356 1 0.00947368 0.285923 0.114286 1 0 0.777808 1 0.833333 0.282333
0.99233 0.99986 0.0126316 0.157002 0.742857 1 0 0.304488 1 1 0.282333
0.99233 0.99986 0.0126316 0.157002 0.771429 1 0 0.304488 1 1 0.282333
0.984541 0.999023 0.0394737 0.317834 0.114286 1 0 0.220478 1 0.333333 0.282333
0.984541 0.999023 0.0394737 0.317834 0.142857 1 0 0.220478 1 0.333333 0.282333
0.984356 1 0.00631579 0.163567 0.314286 0.5 0 0.777808 1 0.833333 0.282333
0.984356 1 0.00631579 0.163567 0.342857 0.5 0 0.777808 1 0.833333 0.282333
0.984356 1 0.00631579 0.163567 0.371429 0.5 0 0.777808 1 0.833333 0.282333
0.984356 1 0.0263158 0.478301 1 1 0 0.777808 1 0.833333 0.282333
0.99233 0.99986 0.000859737 0.134391 0.542857 0.5 0 0.304488 0.5 1 0.283947
0.99233 0.99986 0.000859737 0.134391 0.571429 0.5 0 0.304488 0.5 1 0.283947
0.99233 0.99986 0.000859737 0.134391 0.6 0.5 0 0.304488 0.5 1 0.283947
0.99233 0.99986 0.000859737 0.134391 0.628571 0.5 0 0.304488 0.5 1 0.283947
0.99233 0.99986 0.000859737 0.134391 0.657143 0.5 0 0.304488 0.5 1 0.283947
0.99233 0.99986 0.000859737 0.134391 0.685714 0.5 0 0.304488 0.5 1 0.283947
0.99233 0.99986 0.000859737 0.134391 0.714286 0.5 0 0.304488 0.5 1 0.283947
0.99233 0.99986 0.000289474 0.119985 0.828571 0.5 0 0.304488 0.5 1 0.286004
0.99233 0.99986 0.000289474 0.119985 0.857143 0.5 0 0.304488 0.5 1 0.286004
0.980455 0.999473 0.00588158 0.0229759 0.828571 1 0 0.470285 1 0.666667 0.288738
0.984356 1 0.00911842 0.129103 0.285714 1 0 0.777808 1 0.833333 0.293336
0.984356 1 0.00947368 0.285923 0.142857 1 0 0.777808 0.5 0.833333 0.298467
0.984356 1 0.00947368 0.285923 0.171429 1 0 0.777808 1 0.833333 0.298467
0.98251 0.99995 0.00294737 0.0421225 0.514286 0.5 0 0.517655 1 0.666667 0.3025
0.99233 0.99986 0.000663158 0.184354 0.428571 1 0 0.304488 0.5 1 0.304097
0.99233 0.99986 0.000663158 0.184354 0.457143 1 0 0.304488 0.5 1 0.304097
0.99233 0.99986 0.000663158 0.184354 0.371429 1 0 0.304488 0.5 1 0.304097
0.99233 0.99986 0.000663158 0.184354 0.4 1 0 0.304488 0.5 1 0.304097
0.984541 0.999023 0.0184211 0.317834 0.114286 1 0 0.220478 1 0.333333 0.306533
0.984541 0.999023 0.0184211 0.317834 0.142857 1 0 0.220478 1 0.333333 0.306533
0.98251 0.99995 0.00263158 0.0692925 0.314286 0.5 0 0.517655 1 0.666667 0.306533
0.98251 0.99995 0.00263158 0.0692925 0.342857 0.5 0 0.517655 1 0.666667 0.306533
0.984356 1 0.00868421 0.129103 0.685714 1 0 0.777808 1 0.833333 0.3146
0.984356 1 0.00868421 0.129103 0.714286 1 0 0.777808 1 0.833333 0.3146
0.984356 1 0.00868421 0.129103 0.771429 1 0 0.777808 1 0.833333 0.3146
0.984356 1 0.0113158 0.478301 0.714286 1 0 0.777808 1 0.833333 0.322666
0.984356 1 0.0184211 0.317834 0.4 1 0 0.777808 1 0.833333 0.322666
0.984541 0.999023 0.0236842 0.317834 0.771429 1 0 0.220478 1 0.333333 0.322666
0.984356 1 0.00447368 0.138038 0.114286 0.5 0 0.777808 1 0.833333 0.322666
0.984356 1 0.000421053 0.0536105 0.428571 0.5 0 0 1 0.333333 0.322666
0.980455 0.999473 0.00434211 0.0229759 0.971429 1 0 0.470285 1 0.666667 0.322666
0.980455 0.999473 0.00434211 0.0229759 1 1 0 0.470285 0.5 0.666667 0.322666
0.984541 0.999023 0.00526316 0.0875274 0.514286 1 0 0.392965 1 0.5 0.330733
0.984356 1 0.00282632 0.129103 0.657143 1 0 0.777808 1 0.833333 0.337985
0.984356 1 0.00282632 0.129103 0.685714 1 0 0.777808 1 0.833333 0.337985
0.98251 0.99995 0.00263158 0.129103 0.514286 1 0 0.366707 1 0.666667 0.3388
0.980455 0.999473 0.000434211 0.0694748 0.4 0.5 0 0.470285 1 0.666667 0.34222
0.980455 0.999473 0.00434211 0.0229759 0.942857 1 0 0.470285 1 0.666667 0.34222
0.980455 0.999473 0.00434211 0.0229759 0.971429 1 0 0.470285 1 0.666667 0.34222
0.98251 0.99995 0.00526316 0.0851568 0.657143 0.5 0 0.801364 1 0.333333 0.342833
0.98251 0.99995 0.00526316 0.0851568 0.685714 0.5 0 0.801364 1 0.333333 0.342833
0.984356 1 0.000578947 0.0592633 0.657143 0.5 0 0.777808 1 0.833333 0.348335
0.984356 1 0.000578947 0.0592633 0.685714 0.5 0 0.777808 1 0.833333 0.348335
0.98251 0.99995 0.00526316 0.0851568 0.657143 0.5 0 0.801364 1 0.333333 0.358966
0.98251 0.99995 0.00526316 0.0851568 0.685714 0.5 0 0.801364 1 0.333333 0.358966
0.98251 0.99995 0.00526316 0.0851568 0.714286 0.5 0 0.801364 1 0.333333 0.358966
0.984541 0.999023 0.0184211 0.317834 0.371429 1 0 0.220478 1 0.333333 0.363
0.984356 1 0.00368421 0.157732 0.714286 0.5 0 0 1 0.333333 0.374293
0.984356 1 0.00320789 0.117433 0.342857 0.5 0 0.777808 1 0.833333 0.377197
0.984356 1 0.00320789 0.117433 0.371429 0.5 0 0.777808 1 0.833333 0.377197
0.984356 1 0.00320789 0.117433 0.428571 0.5 0 0.777808 1 0.833333 0.377197
0.98251 0.99995 0.00360263 0.109592 0.742857 0.5 0 0.761107 1 0.666667 0.383005
0.98251 0.99995 0.00526316 0.0851568 0.657143 0.5 0 0.801364 1 0.333333 0.383166
0.984356 1 0.00263158 0.170131 0.142857 1 0 0.777808 1 0.833333 0.3872
0.984356 1 0.00263158 0.170131 0.171429 1 0 0.777808 1 0.833333 0.3872
0.984356 1 0.00296053 0.0948213 0.428571 0.5 0 0.777808 1 0.833333 0.3872
0.984356 1 0.00296053 0.0948213 0.457143 0.5 0 0.777808 1 0.833333 0.3872
0.99233 0.99986 0.00279474 0.0785923 0.542857 1 0 0.304488 1 1 0.398017
0.98251 0.99995 0.00526316 0.0851568 0.8 0.5 0 0.801364 1 0.333333 0.3993
0.984356 1 0.00131579 0.170131 0.428571 1 0 0.777808 1 0.833333 0.403333
0.984356 1 0.00263158 0.170131 0.314286 1 0 0.777808 1 0.833333 0.403333
0.984356 1 0.00657895 0.478301 0.6 1 0 0.777808 1 0.833333 0.403333
0.98251 0.99995 0.00315789 0.0616338 0.8 0.5 0 0.761107 0.5 0.666667 0.403333
0.98251 0.99995 0.00473684 0.0616338 0.771429 0.5 0 0.761107 1 0.666667 0.403333
0.984356 1 0.00428421 0.138038 0.0857143 0.5 0 0.777808 1 0.833333 0.403333
0.984356 1 0.00428421 0.138038 0.114286 0.5 0 0.777808 1 0.833333 0.403333
0.984356 1 0.00581316 0.478301 0.742857 1 0 0.777808 1 0.833333 0.403333
0.98251 0.99995 0.00315789 0.0616338 0.828571 0.5 0 0.761107 1 0.666667 0.403333
0.98251 0.99995 0.00315789 0.0616338 0.857143 0.5 0 0.761107 1 0.666667 0.403333
0.98251 0.99995 0.00315789 0.0616338 0.885714 0.5 0 0.761107 1 0.666667 0.403333
0.98251 0.99995 0.00315789 0.0616338 0.914286 0.5 0 0.761107 1 0.666667 0.403333
0.984356 1 0.00146053 0.0736689 0.542857 0.5 0 0.777808 1 0.833333 0.406963
0.984356 1 0.00146053 0.0736689 0.485714 0.5 0 0.777808 1 0.833333 0.406963
0.984356 1 0.00146053 0.0736689 0.514286 0.5 0 0.777808 1 0.833333 0.406963
0.98251 0.99995 0.00972632 0.059628 0.914286 1 0 1 1 1 0.407366
0.98251 0.99995 0.00972632 0.059628 0.942857 1 0 1 1 1 0.407366
0.984356 1 0.00302632 0.039205 0.771429 0.5 0 0.777808 1 0.833333 0.419466
0.99233 0.99986 0.00228684 0.286287 0.514286 0.5 0 0.304488 1 1 0.42137
0.99233 0.99986 0.00228684 0.286287 0.542857 0.5 0 0.304488 1 1 0.42137
0.984356 1 0.00126316 0.129103 0.4 1 0 0.777808 1 0.833333 0.436939
0.984356 1 0.00126316 0.129103 0.428571 1 0 0.777808 1 0.833333 0.436939
0.98251 0.99995 0.00315789 0.0610868 0.571429 1 0 0 1 0.666667 0.436947
0.98251 0.99995 0.00315789 0.0610868 0.6 1 0 0 1 0.666667 0.436947
0.984356 1 0.00789474 0.0320934 0.714286 1 0 0.777808 1 0.833333 0.443666
0.984356 1 0.01 0.478301 0.428571 1 0 0.777808 1 0.833333 0.443666
0.984356 1 0.01 0.478301 0.457143 1 0 0.777808 1 0.833333 0.443666
0.984356 1 0.00263158 0.157732 0.228571 0.5 0 0 1 0.333333 0.443666
0.990246 0.999509 0.0236842 0.0165937 0.371429 0.5 0 0.174385 1 0.666667 0.448143
0.984356 1 0.0023 0.0616338 0.457143 0.5 0 0.777808 1 0.833333 0.452249
0.984356 1 0.000907895 0.0977389 0.657143 1 0 0.777808 1 0.833333 0.467633
0.984356 1 0.000907895 0.0977389 0.685714 1 0 0.777808 1 0.833333 0.467633
0.984356 1 0.01 0.478301 0.371429 1 0 0.777808 1 0.833333 0.467866
0.984356 1 0.0100816 0.478301 0.485714 1 0 0.777808 1 0.833333 0.467866
0.984356 1 0.0160526 0.478301 0.4 1 0 0.777808 1 0.833333 0.467866
0.984356 1 0.0163158 0.478301 0.4 1 0 0.777808 1 0.833333 0.467866
0.984356 1 0.0163158 0.478301 0.428571 1 0 0.777808 1 0.833333 0.467866
0.98251 0.99995 0.00315789 0.0610868 0.628571 1 0 0 1 0.666667 0.470553
0.984356 1 0.0105263 0.478301 0.142857 1 0 0.777808 1 0.833333 0.475933
0.984356 1 0.00921053 0.478301 0.6 1 0 0.777808 1 0.833333 0.484
0.984356 1 0.0100789 0.478301 0.285714 1 0 0.777808 1 0.833333 0.484
0.984356 1 0.0210526 0.478301 0.371429 1 0 0.777808 1 0.833333 0.484
0.99233 0.99986 0.000526316 0.14515 0.714286 1 0 0.304488 1 1 0.484
0.99233 0.99986 0.000526316 0.14515 0.742857 1 0 0.304488 1 1 0.484
0.99233 0.99986 0.000526316 0.14515 0.771429 1 0 0.304488 1 1 0.484
0.98251 0.99995 0.00147632 0.105033 0.314286 0.5 0 1 1 1 0.517646
0.98251 0.99995 0.00147632 0.105033 0.342857 0.5 0 1 1 1 0.517646
0.984356 1 0.01 0.478301 0.342857 1 0 0.777808 1 0.833333 0.524333
0.984356 1 0.00947368 0.478301 0.0857143 1 0 0.777808 1 0.833333 0.524333
0.984356 1 0.0105263 0.478301 0.2 1 0 0.777808 1 0.833333 0.524333
0.984356 1 0.0105263 0.478301 0.228571 1 0 0.777808 1 0.833333 0.524333
0.984356 1 0.0105263 0.478301 0.257143 1 0 0.777808 1 0.833333 0.524333
0.984356 1 0.00225789 0.0495988 0.685714 0.5 0 0.777808 1 0.833333 0.564102
0.984541 0.999023 0.0118421 0.317834 1 1 0 0.220478 1 0.333333 0.564666
0.984356 1 0.00451579 0.152626 0.685714 1 0 0.777808 1 0.833333 0.645333
0.984356 1 0.00451579 0.152626 0.714286 1 0 0.777808 1 0.833333 0.645333
0.984356 1 0.00451579 0.152626 0.742857 1 0 0.777808 1 0.833333 0.645333
0.984356 1 0.00451579 0.152626 0.771429 1 0 0.777808 1 0.833333 0.645333
0.984356 1 0.0105263 0.478301 0.371429 1 0 0.777808 1 0.833333 0.645333
0.984356 1 0.0160526 0.478301 0.742857 1 0 0.777808 1 0.833333 0.645333
0.984356 1 0.0160526 0.478301 0.771429 1 0 0.777808 1 0.833333 0.645333
0.984356 1 0.00196842 0.152626 0.685714 1 0 0.777808 1 0.833333 0.645333
0.984356 1 0.00196842 0.152626 0.714286 1 0 0.777808 1 0.833333 0.645333
0.984356 1 0.00236842 0.170131 0.742857 1 0 0.777808 1 0.833333 0.645333
0.984356 1 0.00236842 0.170131 0.771429 1 0 0.777808 1 0.833333 0.645333
0.984356 1 0.00394737 0.478301 0.771429 1 0 0.777808 1 0.833333 0.685666
0.984356 1 0.00526316 0.478301 1 1 0 0.777808 1 0.833333 0.726
0.984356 1 0.00263158 0.478301 1 1 0 0.777808 1 0.833333 0.766333
0.984356 1 0.00526316 0.478301 0.8 1 0 0.777808 1 0.833333 0.806666
0.984356 1 0.00526316 0.478301 0.6 1 0 0.777808 1 0.833333 0.806666
0.98251 0.99995 0.00889737 0.0627279 0.114286 0.5 0 0.253311 1 0.666667 0.806666
0.98251 0.99995 0.00156316 0.163567 0.685714 0.5 0 1 1 1 0.814814
0.98251 0.99995 0.00156316 0.163567 0.714286 0.5 0 1 1 1 0.814814
0.98251 0.99995 0.00156316 0.163567 0.742857 0.5 0 1 1 1 0.814814
0.98251 0.99995 0.00156316 0.163567 0.771429 0.5 0 1 1 1 0.814814
0.98251 0.99995 0.00156316 0.163567 0.8 0.5 0 1 1 1 0.814814
0.98251 0.99995 0.00156316 0.163567 0.828571 0.5 0 1 1 1 0.814814
0.98251 0.99995 0.00156316 0.163567 0.857143 0.5 0 1 1 1 0.814814
0.98251 0.99995 0.00156316 0.163567 0.885714 0.5 0 1 1 1 0.814814
0.98251 0.99995 0.00156316 0.163567 0.914286 0.5 0 1 1 1 0.814814
0.98251 0.99995 0.000657895 0.0802334 0.0857143 0.5 0 0.253311 1 0.666667 0.838933
0.98251 0.99995 0.00375789 0.0395697 0.114286 0.5 0 0.253311 1 0.666667 0.847338
0.98251 0.99995 0.00375789 0.0395697 0.142857 0.5 0 0.253311 1 0.666667 0.847338
0.98251 0.99995 0.00373684 0.0521517 0.771429 0.5 0 1 1 1 0.852114
0.98251 0.99995 0.000963158 0.220642 0.228571 0.5 0 1 1 1 0.881606
0.984356 1 0.00578947 0.478301 0.771429 1 0 0.777808 1 0.833333 0.916663
0.984356 1 0.00578947 0.478301 0.8 1 0 0.777808 1 0.833333 0.916663
0.98251 0.99995 0.000657895 0.0802334 0.0571429 0.5 0 0.253311 1 0.666667 0.968
0.98251 0.99995 0.00318421 0.278629 0.771429 0.5 0 1 1 1 1
0.98251 0.99995 0.00318421 0.278629 0.8 0.5 0 1 1 1 1
1.07755e-05 0 0 0 0 0 0 0 0 0 0
