0.0707 0.307692 0.742857 0.5 0 0.84966 1 0.75 0.531405
0.0707 0.307692 0.685714 0.5 0 0.84966 1 0.75 0.531405
0.08 0.114183 0.142857 1 0 0.315568 1 0.5 0.149424
0.0707 0.307692 0.542857 0.5 0 0.84966 1 0.75 0.579699
0.0748 0.114183 0.114286 1 0 0.315568 1 0.5 0.159807
0.099 0.47476 0.685714 0.5 0 0.568454 0.5 1 0.155231
0.0799 0.114183 0.171429 1 0 0.315568 0.5 0.5 0.149595
0.0672 0.382212 0.371429 0.5 0 0.842161 0.5 1 0.254107
0.0195 0.65625 0.114286 0.5 0 0.842161 1 1 0.49042
0.0707 0.307692 0.542857 0.5 0 0.84966 1 0.75 0.531405
0.09 0.114183 0.142857 1 0 0.315568 1 0.5 0.140408
0.08495 1 0.514286 0.5 0 0.842161 0.5 1 0.522661
0.0707 0.307692 0.628571 0.5 0 0.84966 1 0.75 0.531405
0.0707 0.307692 0.657143 0.5 0 0.84966 1 0.75 0.531405
0.018 0.143029 0.0571429 1 0 0.338306 0.5 0.5 0.113836
0.0707 0.307692 0.571429 0.5 0 0.84966 1 0.75 0.531405
0.4225 0.15024 0.742857 0.5 0 0.84966 0.5 0.75 0.129342
0.4225 0.15024 0.771429 0.5 0 0.84966 0.5 0.75 0.129342
0.0319 0.387019 0.114286 0.5 0 0.84966 1 0.75 0.749479
0.165 0.330529 0.771429 1 0 0.84966 0.5 0.75 0.134533
0.0748 0.114183 0.142857 1 0 0.315568 1 0.5 0.159807
0.0707 0.307692 0.571429 0.5 0 0.84966 1 0.75 0.531405
0.1332 0.65625 0.514286 0.5 0 0.67102 1 1 1
0.0672 0.382212 0.4 0.5 0 0.842161 0.5 1 0.304963
0.555433 0.15024 0.228571 0.5 0 0.84966 0.5 0.75 0.138359
0.09 0.114183 0.0857143 1 0 0.315568 1 0.5 0.140408
0.09 0.114183 0.114286 1 0 0.315568 1 0.5 0.140408
0.5488 0.330529 0.342857 1 0 0.84966 1 0.75 0.204925
0.0707 0.307692 0.6 0.5 0 0.84966 1 0.75 0.531405
0.4 0.114183 0.0285714 1 0 0.315568 1 0.5 0.136617
0.45 0.15024 0.342857 0.5 0 0.84966 0.5 0.75 0.136617
0.1056 0.112981 0.285714 0.5 0 0.84966 0.5 0.75 0.137539
0.055 0.330529 0.514286 1 0 0.489841 0.5 0.5 0.341542
0.028552 0.191106 0.4 0.5 0 0.489841 1 0.5 0.33495
0.0672 0.382212 0.342857 0.5 0 0.842161 0.5 1 0.254107
0.24 0.0240385 0.657143 0.5 0 0.84966 1 0.75 0.341542
0.36 0.310096 0.914286 0.5 0 0.568454 0.5 1 0.237167
0.2112 0.385817 0.314286 1 0 0.842161 1 1 0.420472
0.25 0.114183 0.142857 1 0 0.315568 0.5 0.5 0.136617
0.45 0.15024 0.371429 0.5 0 0.84966 1 0.75 0.136617
0.0707 0.307692 0.714286 0.5 0 0.84966 1 0.75 0.531405
0.2334 0.581731 0.342857 0.5 0 0.842161 0.5 1 0.340961
0.1628 0.581731 0.142857 0.5 0 0.842161 0.5 1 0.29031
0.2334 0.581731 0.571429 0.5 0 0.842161 0.5 1 0.278049
0.2334 0.581731 0.542857 0.5 0 0.842161 0.5 1 0.278049
0.2334 0.581731 0.4 0.5 0 0.842161 0.5 1 0.307285
0.0792 0.242788 0.828571 0.5 0 1 1 1 0.474367
1 0.330529 0.628571 1 0 0.84966 0.5 0.75 0.273233
0.0672 0.382212 0.314286 0.5 0 0.842161 0.5 1 0.304963
0.2112 0.385817 0.0285714 1 0 0.842161 1 1 0.420472
0.2112 0.385817 0.457143 1 0 0.842161 0.5 1 0.420472
0.2112 0.385817 0.371429 1 0 0.842161 0.5 1 0.420472
0.2112 0.385817 0.4 1 0 0.842161 0.5 1 0.420472
0.0384 0.0540865 0.114286 1 0 0.489841 1 0.5 0.204549
0.0384 0.0540865 0.171429 1 0 0.489841 1 0.5 0.204583
0.5488 0.330529 0.371429 1 0 0.84966 0.5 0.75 0.204925
0.0384 0.0540865 0.2 1 0 0.489841 1 0.5 0.204583
0.2334 0.581731 0.428571 0.5 0 0.842161 0.5 1 0.34243
0.9 0.644231 0.885714 1 0 0.842161 0.5 1 0.375696
0.2112 0.385817 0.428571 1 0 0.842161 1 1 0.420472
0.0384 0.0540865 0.228571 1 0 0.489841 1 0.5 0.204583
0.4225 0.15024 0.714286 0.5 0 0.84966 0.5 0.75 0.129274
0.2112 0.385817 0.0571429 1 0 0.842161 0.5 1 0.420472
0.2112 0.385817 0.285714 1 0 0.842161 0.5 1 0.420472
0.0495 0.167067 0.285714 0.5 0 0.489841 1 0.5 0.220807
0.1596 0.0240385 0.171429 0.5 0 0.84966 1 0.75 0.385191
0.08 0.114183 0.171429 1 0 0.315568 1 0.5 0.149424
0.0176 0.114183 0.514286 1 0 0.315568 0.5 0.5 0.0834386
0.0707 0.307692 0.514286 0.5 0 0.84966 1 0.75 0.579699
0.2334 0.581731 0.371429 0.5 0 0.842161 0.5 1 0.340961
