0 00.000311054
0.995168
0.00215458
0 10.00192775
0.997594
0.00171973
0 20.000333598
0.999372
0.000890013
0 30.000312269
0.99942
0.000444757
0 40.000610348
0.999076
0.00047865
0 50.000202969
0.996565
0.00144118
0 60.000959108
0.993565
0.00543279
0 70.00406108
0.987878
0.00239716
0 80.00116572
0.983726
0.0103471
0 90.0132216
0.9784
0.0181425
0 100.00695987
0.97262
0.0202575
0 110.0157811
0.943191
0.0317229
0 120.0392796
0.963239
0.0353901
0 130.0242779
0.955269
0.0610104
0 140.0834337
0.940209
0.0547286
0 150.0511156
0.883614
0.0351151
0 160.21833
0.727909
0.158682
0 170.358106
0.664804
0.298841
0 180.448513
0.512461
0.322928
0 190.713844
0.254207
0.549677
0 200.815643
0.0993398
0.742909
0 210.855714
0.0649183
0.807063
0 220.926512
0.0330772
0.84771
0 230.988737
0.0328567
0.924761
0 240.989364
0.00646386
0.947007
0 250.993223
0.00785707
0.967111
0 260.997741
0.00237838
0.973909
0 270.996528
0.00507011
0.985487
0 280.998518
0.00182073
0.989539
0 290.998382
0.00121113
0.995488
0 300.999466
0.00126691
0.998108
0 310.999734
0.000131584
0.999276
0 320.999934
2.84361e-005
0.999776
0 330.999956
2.68702e-005
0.999872
0 340.999877
0.000144556
0.999781
0 350.999642
0.00025412
0.999049
0 360.999949
0.00114088
0.997543
0 370.999545
0.00329317
0.996431
0 380.993538
0.00194352
0.996412
0 390.992204
0.00320117
0.99096
1 00.00303124
0.995177
0.00220866
1 10.00107606
0.998297
0.00178715
1 20.000294928
0.999543
0.000162722
1 30.000100876
0.9998
8.03166e-005
1 40.000217481
0.999614
0.000271978
1 50.000304889
0.99874
0.00201502
1 60.0022841
0.995042
0.00284657
1 70.00308959
0.994179
0.00422892
1 80.00614476
0.983802
0.0145919
1 90.00742319
0.981717
0.0166697
1 100.00752321
0.975961
0.0297842
1 110.0168112
0.960259
0.0403709
1 120.00488912
0.973648
0.0348357
1 130.0174398
0.930149
0.0254113
1 140.0805013
0.910239
0.0527612
1 150.0660284
0.898625
0.025656
1 160.146951
0.791443
0.100372
1 170.33278
0.639745
0.22449
1 180.393928
0.56341
0.332947
1 190.771575
0.215674
0.598584
1 200.831772
0.101093
0.645711
1 210.877291
0.103841
0.768908
1 220.936569
0.0338779
0.788754
1 230.976166
0.0066689
0.874633
1 240.996365
0.0124991
0.923028
1 250.991071
0.00584122
0.944987
1 260.997963
0.0030983
0.962783
1 270.996745
0.00318733
0.976701
1 280.999009
0.000894625
0.986882
1 290.99993
0.00163219
0.99415
1 300.999162
0.000518856
0.996576
1 310.999998
0.000264515
0.999123
1 320.99981
0.000166318
0.999441
1 330.999929
0.000139081
0.999691
1 340.999976
0.0001038
0.999491
1 350.999883
0.000289299
0.998887
1 360.999465
0.00109223
0.997548
1 370.998269
0.00229109
0.995966
1 380.999026
0.00601708
0.993767
1 390.996142
0.00874923
0.987619
2 00.00105571
0.996084
0.0035349
2 10.00200405
0.996998
0.00103521
2 20.000500626
0.999248
0.000664306
2 30.000153016
0.999562
0.000143791
2 40.000593825
0.999188
0.000682835
2 50.00153602
0.998149
0.000942034
2 60.00258221
0.996615
0.00480987
2 70.00503086
0.992832
0.00260025
2 80.00877483
0.991399
0.0072834
2 90.0124064
0.97373
0.00902262
2 100.00517023
0.978968
0.0294996
2 110.0281207
0.949219
0.0206114
2 120.0135388
0.932314
0.0352174
2 130.0628397
0.923483
0.0335527
2 140.0653508
0.887885
0.0380207
2 150.0997414
0.849945
0.0322337
2 160.229923
0.725802
0.123692
2 170.343799
0.660716
0.221708
2 180.457801
0.521062
0.264791
2 190.780572
0.18385
0.438347
2 200.884335
0.132725
0.52783
2 210.93937
0.0739762
0.685832
2 220.932396
0.0523315
0.719658
2 230.985553
0.0222381
0.842646
2 240.99582
0.00360917
0.899824
2 250.994915
0.00554403
0.934374
2 260.996936
0.00352972
0.948304
2 270.998137
0.00315053
0.965539
2 280.99767
0.00209638
0.981097
2 290.999386
0.00171072
0.988999
2 300.999729
0.000722478
0.993212
2 310.999873
0.000432249
0.996722
2 320.999984
0.000294577
0.998574
2 330.999787
0.000103669
0.999196
2 340.999978
0.000354538
0.99876
2 350.999355
0.000215165
0.998227
2 360.998335
0.00193969
0.997003
2 370.9987
0.00284381
0.995119
2 380.994347
0.00162051
0.992644
2 390.99513
0.00415174
0.979996
3 00.00114926
0.994272
0.00340039
3 10.00116211
0.99563
0.00307399
3 20.00162517
0.998025
0.00170212
3 30.001003
0.998425
0.00188001
3 40.000443945
0.997849
0.00140992
3 50.00102505
0.995161
0.00355476
3 60.000741037
0.993747
0.00427195
3 70.00306059
0.990734
0.00427239
3 80.00558397
0.97765
0.0155428
3 90.00468698
0.970731
0.0224609
3 100.0253135
0.976782
0.026705
3 110.0264729
0.953914
0.034571
3 120.0273029
0.953376
0.0180029
3 130.0492907
0.913006
0.0525622
3 140.0676542
0.8681
0.0357423
3 150.12094
0.82995
0.0253412
3 160.274121
0.691033
0.0709477
3 170.414724
0.561374
0.125352
3 180.539628
0.42138
0.204713
3 190.826467
0.161094
0.37548
3 200.899686
0.120138
0.472843
3 210.941848
0.0676003
0.651182
3 220.946386
0.0330744
0.707772
3 230.998985
0.01306
0.777209
3 240.994323
0.00606294
0.864446
3 250.999566
0.00496541
0.920599
3 260.993975
0.00688901
0.936009
3 270.999158
0.00304357
0.956188
3 280.997986
0.00150445
0.974309
3 290.998943
0.000509993
0.98335
3 300.999836
0.000392986
0.989333
3 310.999692
0.000871606
0.993051
3 320.999683
0.000640042
0.995173
3 330.999805
0.000620506
0.996533
3 340.999081
0.00106742
0.997016
3 350.999556
0.000510045
0.995884
3 360.99987
0.000760517
0.994036
3 370.996417
0.00482571
0.992324
3 380.995587
0.00677852
0.987426
3 390.99643
0.00442062
0.978454
4 00.00216178
0.990888
0.00877786
4 10.000836832
0.995618
0.00375989
4 20.000574226
0.996087
0.00202912
4 30.00328449
0.996489
0.00396935
4 40.000972689
0.994707
0.0016319
4 50.00323302
0.991657
0.00385001
4 60.00219289
0.991889
0.00399293
4 70.00313921
0.982736
0.00677576
4 80.00396874
0.979721
0.020443
4 90.0216334
0.968102
0.0228157
4 100.0233291
0.967401
0.0310968
4 110.0275845
0.962941
0.025504
4 120.0319041
0.940685
0.0260009
4 130.0708912
0.914006
0.0315537
4 140.110734
0.866396
0.0220246
4 150.163433
0.799769
0.0151296
4 160.37221
0.593758
0.0301047
4 170.479483
0.499346
0.0799386
4 180.652901
0.315912
0.205216
4 190.810342
0.172225
0.342988
4 200.882292
0.109138
0.430304
4 210.940412
0.0649609
0.544348
4 220.97445
0.0480083
0.559318
4 230.99976
0.00722981
0.665806
4 240.995465
0.00682424
0.797921
4 250.998095
0.00164628
0.85054
4 260.996401
0.00298278
0.900503
4 270.998955
0.00369353
0.919673
4 280.998401
0.00183646
0.948746
4 290.998696
0.00130004
0.972553
4 300.999011
0.00158373
0.981639
4 310.999654
0.00134232
0.986803
4 320.999119
0.000609585
0.989929
4 330.9999
0.000725452
0.99108
4 340.998754
0.00165215
0.991244
4 350.998981
0.00195037
0.991642
4 360.998972
0.00115897
0.989346
4 370.995312
0.00143081
0.988157
4 380.994266
0.00780717
0.979571
4 390.992451
0.00380294
0.976878
5 00.0069393
0.982588
0.0108859
5 10.00388473
0.988672
0.00749608
5 20.000897883
0.98934
0.00425486
5 30.00412599
0.987987
0.00855905
5 40.00348074
0.987007
0.00819646
5 50.00373519
0.984706
0.00778086
5 60.0009333
0.982244
0.00905136
5 70.00150861
0.969256
0.0191199
5 80.00418142
0.961034
0.0207822
5 90.00190395
0.956354
0.0249453
5 100.0224325
0.956414
0.0220374
5 110.0268895
0.945216
0.0338424
5 120.0541479
0.93275
0.0164817
5 130.0970938
0.891082
0.0233447
5 140.135508
0.828789
0.0126123
5 150.293086
0.683131
0.0125266
5 160.46004
0.502337
0.0499565
5 170.516629
0.471554
0.063833
5 180.676311
0.317019
0.172902
5 190.832726
0.157855
0.235853
5 200.898019
0.0970378
0.287424
5 210.944053
0.0546913
0.374469
5 220.975696
0.0283872
0.42703
5 230.986917
0.00974191
0.502968
5 240.997567
0.00617119
0.688264
5 250.993649
0.00740053
0.759832
5 260.999548
0.00210122
0.850738
5 270.999669
0.00370129
0.879766
5 280.997984
0.00306541
0.909339
5 290.999903
0.00243888
0.93337
5 300.999391
0.000831089
0.959797
5 310.998898
0.000855497
0.973887
5 320.999651
0.00077327
0.981235
5 330.999085
0.000663533
0.983602
5 340.999727
0.000782333
0.982561
5 350.998951
0.00186333
0.983973
5 360.996714
0.00408796
0.986067
5 370.993213
0.00632203
0.981784
5 380.99139
0.00346878
0.974721
5 390.995237
0.0160498
0.969723
6 00.00489298
0.970832
0.0154593
6 10.00604556
0.971984
0.0121515
6 20.00628657
0.972894
0.0112958
6 30.00473766
0.973583
0.0108808
6 40.000557957
0.97105
0.0159607
6 50.00293616
0.964902
0.0180603
6 60.00150067
0.954208
0.0262816
6 70.00437501
0.951458
0.0308388
6 80.00768018
0.942245
0.0263266
6 90.0109382
0.928446
0.0344663
6 100.0206888
0.924073
0.0310974
6 110.0326468
0.923693
0.0373606
6 120.0733909
0.879132
0.0366597
6 130.125292
0.843619
0.038113
6 140.240322
0.748078
0.0324231
6 150.449247
0.552112
0.0296494
6 160.48138
0.483693
0.0266845
6 170.551655
0.435522
0.0443458
6 180.770514
0.208823
0.136959
6 190.853756
0.120186
0.164289
6 200.905739
0.094406
0.198288
6 210.930315
0.0490908
0.272766
6 220.967836
0.0356812
0.356855
6 230.985045
0.0192459
0.388637
6 240.994035
0.00351101
0.483681
6 250.996176
0.00613668
0.651523
6 260.995707
0.00507421
0.738833
6 270.998756
0.00300902
0.821461
6 280.998502
0.00154322
0.849734
6 290.999432
0.00177991
0.895708
6 300.999193
0.000911954
0.921087
6 310.999509
0.000985153
0.933249
6 320.999398
0.00274419
0.95281
6 330.999086
0.00238138
0.970927
6 340.999066
0.00178786
0.971123
6 350.997331
0.00319331
0.966738
6 360.996239
0.00419228
0.966368
6 370.999586
0.00823453
0.968633
6 380.995377
0.00884668
0.968988
6 390.99548
0.022265
0.955799
7 00.0080195
0.956685
0.0273281
7 10.00933662
0.946708
0.028493
7 20.0038864
0.949118
0.0314984
7 30.00162514
0.937816
0.0298093
7 40.00459549
0.938737
0.0336862
7 50.000857487
0.929495
0.0340525
7 60.00428098
0.925949
0.038131
7 70.00124136
0.918747
0.0412052
7 80.00674198
0.893436
0.0498959
7 90.0104975
0.892395
0.0512748
7 100.0180538
0.885947
0.05278
7 110.0334322
0.859365
0.0551174
7 120.067768
0.842632
0.0573376
7 130.154429
0.765709
0.0408602
7 140.292041
0.645313
0.0422675
7 150.458107
0.509411
0.0425714
7 160.552656
0.433073
0.0326293
7 170.691699
0.307599
0.0323989
7 180.820375
0.154047
0.0873156
7 190.880926
0.1149
0.140374
7 200.913202
0.0886926
0.162224
7 210.944249
0.0610194
0.179486
7 220.978696
0.0178757
0.230695
7 230.995313
0.00502985
0.281956
7 240.996063
0.00957387
0.326688
7 250.999466
0.0063911
0.392281
7 260.999184
0.00309723
0.537298
7 270.999265
0.00180063
0.627662
7 280.998411
0.00139779
0.729823
7 290.99793
0.00339524
0.824241
7 300.998388
0.00172932
0.851984
7 310.997809
0.00110395
0.890873
7 320.999418
0.00301021
0.907363
7 330.998249
0.00239864
0.928298
7 340.997844
0.00327598
0.946069
7 350.995748
0.00489278
0.944059
7 360.999488
0.00788512
0.944145
7 370.991639
0.00702596
0.948952
7 380.996408
0.0148481
0.949016
7 390.997989
0.0238762
0.937208
8 00.00649702
0.906195
0.0469561
8 10.00675686
0.915772
0.0408227
8 20.0059533
0.915509
0.0469176
8 30.00677091
0.917167
0.0425148
8 40.00339985
0.913971
0.0412524
8 50.00501436
0.90053
0.051205
8 60.00652149
0.889591
0.0530303
8 70.00135077
0.884397
0.056252
8 80.00549969
0.888931
0.0597884
8 90.00971198
0.872686
0.0659962
8 100.0151629
0.837446
0.0805475
8 110.0281277
0.801998
0.0825273
8 120.0922902
0.757263
0.0781465
8 130.194076
0.690384
0.0600528
8 140.390522
0.491626
0.0778814
8 150.465162
0.453665
0.0436128
8 160.606796
0.359891
0.0357056
8 170.770092
0.231148
0.0268942
8 180.808132
0.159653
0.0435721
8 190.884441
0.104936
0.0898402
8 200.925225
0.0751975
0.100651
8 210.963812
0.0442565
0.120958
8 220.992476
0.0202508
0.144914
8 230.997848
0.00526341
0.169623
8 240.994897
0.00369671
0.195793
8 250.998602
0.00581307
0.202717
8 260.998469
0.00507683
0.291997
8 270.999425
0.0015669
0.392344
8 280.998223
0.00326671
0.439319
8 290.999737
0.00127815
0.635473
8 300.998698
0.00120956
0.72954
8 310.998471
0.0017327
0.814964
8 320.998498
0.00223098
0.872153
8 330.999683
0.00228511
0.873968
8 340.999016
0.00292719
0.898676
8 350.998808
0.00796662
0.923287
8 360.996482
0.0108396
0.926956
8 370.996431
0.00648888
0.920308
8 380.989126
0.0132276
0.88752
8 390.987193
0.0200988
0.904555
9 00.00406585
0.893429
0.0543534
9 10.00892216
0.878067
0.0641505
9 20.00725518
0.861762
0.0683752
9 30.00464745
0.844183
0.0801817
9 40.00309831
0.831105
0.0863739
9 50.00136229
0.822553
0.0880167
9 60.00461673
0.820858
0.0936312
9 70.00465693
0.80954
0.0969676
9 80.00828224
0.802456
0.097154
9 90.0112572
0.758488
0.113547
9 100.0232808
0.763587
0.113548
9 110.0456195
0.762127
0.0974193
9 120.10645
0.708011
0.0965443
9 130.198939
0.575735
0.12122
9 140.344303
0.465441
0.105367
9 150.556502
0.352273
0.0579974
9 160.696826
0.249609
0.0364424
9 170.766238
0.181721
0.0393052
9 180.845058
0.139571
0.0180538
9 190.892233
0.0988823
0.0452798
9 200.944482
0.059896
0.0637078
9 210.967461
0.0312207
0.0702467
9 220.992456
0.0126062
0.0771259
9 230.993697
0.00875332
0.0931182
9 240.997499
0.00228422
0.10763
9 250.996563
0.00587331
0.130872
9 260.99987
0.00404892
0.154351
9 270.996947
0.00306202
0.205394
9 280.998664
0.00161608
0.278473
9 290.998247
0.00330782
0.38277
9 300.998836
0.00211698
0.438256
9 310.998712
0.00411608
0.627885
9 320.997501
0.00447743
0.755816
9 330.996355
0.00320577
0.816476
9 340.999434
0.00542222
0.817875
9 350.999966
0.00368319
0.84425
9 360.991256
0.0073097
0.856941
9 370.989276
0.0129849
0.87394
9 380.979506
0.0107361
0.845509
9 390.971834
0.0357991
0.83853
10 00.00481793
0.837292
0.0863728
10 10.00289478
0.804325
0.0985538
10 20.00633494
0.778014
0.114407
10 30.00443255
0.77327
0.115586
10 40.00469241
0.750318
0.127503
10 50.00178608
0.750474
0.127867
10 60.00114712
0.746545
0.128268
10 70.00170651
0.698312
0.147816
10 80.00604209
0.668904
0.164075
10 90.00587471
0.672282
0.163191
10 100.0200802
0.673361
0.1582
10 110.0589597
0.662161
0.144407
10 120.131291
0.596424
0.140175
10 130.223685
0.490475
0.140944
10 140.361445
0.411763
0.118455
10 150.524605
0.31476
0.0812432
10 160.684819
0.216405
0.0523013
10 170.797616
0.150367
0.0425184
10 180.858488
0.11784
0.0181411
10 190.913561
0.0742171
0.027899
10 200.951009
0.0499738
0.0317991
10 210.975097
0.0279725
0.0472254
10 220.995184
0.0115832
0.040495
10 230.99453
0.00611227
0.0435918
10 240.999559
0.00242224
0.0537638
10 250.999483
0.00264067
0.0619332
10 260.99915
0.00255025
0.0817175
10 270.999864
0.00410888
0.0916287
10 280.998899
0.00224254
0.123212
10 290.997561
0.00352013
0.195918
10 300.99785
0.00262914
0.260936
10 310.998915
0.00529432
0.388566
10 320.999924
0.00344923
0.506625
10 330.995521
0.00824584
0.64959
10 340.994715
0.00813439
0.717692
10 350.993603
0.00805273
0.718462
10 360.988462
0.0112428
0.748217
10 370.993883
0.0296684
0.772686
10 380.989888
0.022834
0.748663
10 390.958316
0.0507753
0.751331
11 00.00393317
0.697454
0.150931
11 10.000840923
0.681339
0.16305
11 20.00401459
0.683262
0.16042
11 30.00498699
0.671578
0.166887
11 40.00475233
0.669899
0.165287
11 50.00289231
0.644284
0.177109
11 60.00304258
0.638447
0.180641
11 70.00293752
0.637253
0.179457
11 80.00847811
0.633989
0.183092
11 90.0066033
0.63197
0.183746
11 100.0220922
0.618223
0.181362
11 110.0675845
0.557262
0.190683
11 120.12627
0.496476
0.188525
11 130.202745
0.472775
0.167377
11 140.403345
0.367081
0.114849
11 150.556342
0.2672
0.0902636
11 160.659777
0.199583
0.0753608
11 170.812581
0.130319
0.0329064
11 180.879018
0.091226
0.0260732
11 190.929696
0.0666406
0.00908325
11 200.96233
0.0456826
0.0152831
11 210.984557
0.0181373
0.0240631
11 220.993656
0.00831796
0.0236511
11 230.996395
0.00312626
0.0211261
11 240.998403
0.00355192
0.0201829
11 250.99981
0.00174694
0.0248023
11 260.998585
0.00108721
0.0350227
11 270.998864
0.00163445
0.0505059
11 280.99995
0.00167103
0.0705014
11 290.998172
0.00429745
0.0964631
11 300.997234
0.00299653
0.153512
11 310.997853
0.00399533
0.200697
11 320.994753
0.00396657
0.278383
11 330.998635
0.0105081
0.375219
11 340.988323
0.0118805
0.470944
11 350.99902
0.0120859
0.508802
11 360.994993
0.0270132
0.595613
11 370.994878
0.0325632
0.652545
11 380.992392
0.0213361
0.679598
11 390.985616
0.0383478
0.710481
12 00.00156303
0.648486
0.173198
12 10.00551981
0.635912
0.180292
12 20.00200928
0.625218
0.189944
12 30.00481447
0.615347
0.192096
12 40.000761881
0.606742
0.196708
12 50.00281085
0.590948
0.206652
12 60.00419858
0.587356
0.20656
12 70.00280546
0.587645
0.208159
12 80.00693706
0.593642
0.200199
12 90.0126971
0.587794
0.20174
12 100.0310683
0.542292
0.217477
12 110.0674938
0.51563
0.209124
12 120.105191
0.497388
0.200253
12 130.183163
0.458631
0.180036
12 140.369016
0.351827
0.144817
12 150.551646
0.250522
0.103273
12 160.660015
0.199833
0.0773186
12 170.787692
0.129089
0.0457274
12 180.889792
0.0833253
0.0218204
12 190.933531
0.0554483
0.0132377
12 200.967429
0.0325894
0.00872784
12 210.985228
0.0131075
0.00683652
12 220.995387
0.00446167
0.0101709
12 230.99855
0.00234173
0.0107827
12 240.999303
0.00124124
0.00933081
12 250.999764
0.00134773
0.011297
12 260.99889
0.000975548
0.0140034
12 270.998881
0.000908179
0.0207918
12 280.999655
0.00106093
0.0309851
12 290.99866
0.00320213
0.0543315
12 300.997729
0.00265017
0.0937252
12 310.997007
0.00441057
0.13931
12 320.999073
0.00863232
0.190518
12 330.99768
0.0188412
0.257269
12 340.989606
0.0312256
0.354078
12 350.994981
0.0395289
0.419875
12 360.985219
0.0451466
0.450248
12 370.982643
0.0820333
0.54121
12 380.973575
0.0661756
0.553078
12 390.951823
0.0786866
0.510331
13 00.00225351
0.616787
0.188916
13 10.00417314
0.616704
0.196895
13 20.00262197
0.584114
0.208374
13 30.00226538
0.568197
0.217416
13 40.0011252
0.558502
0.221383
13 50.00113577
0.553524
0.225308
13 60.00201994
0.545805
0.226834
13 70.00172271
0.542522
0.230296
13 80.00585753
0.530396
0.235025
13 90.00980556
0.528802
0.232841
13 100.0296461
0.519789
0.225576
13 110.0703179
0.504457
0.214679
13 120.0943411
0.494141
0.206782
13 130.20159
0.424498
0.187826
13 140.343532
0.346454
0.160291
13 150.502465
0.264992
0.117863
13 160.710764
0.166352
0.0689852
13 170.798293
0.117213
0.0470287
13 180.895568
0.0690504
0.0262002
13 190.946882
0.0388508
0.00912071
13 200.974655
0.0199377
0.00435697
13 210.990872
0.0109763
0.00363587
13 220.997566
0.0037077
0.00483613
13 230.999263
0.00223729
0.00451685
13 240.99988
0.000630353
0.00319254
13 250.999381
0.000978114
0.00336037
13 260.999935
0.000582905
0.00510917
13 270.999427
0.000870904
0.00778414
13 280.999832
0.0014933
0.0148528
13 290.999411
0.00160877
0.0243247
13 300.998628
0.00735593
0.0438865
13 310.999053
0.013559
0.0695909
13 320.997799
0.0208928
0.118322
13 330.99356
0.0379236
0.16569
13 340.994525
0.0521833
0.218078
13 350.991611
0.0808897
0.246747
13 360.987857
0.102828
0.256167
13 370.997221
0.136043
0.340608
13 380.971134
0.164421
0.38412
13 390.971776
0.173312
0.389234
14 00.00280589
0.549365
0.231529
14 10.0063158
0.536916
0.234826
14 20.000710812
0.5284
0.235357
14 30.000855448
0.52367
0.238533
14 40.00183403
0.516778
0.24195
14 50.00042159
0.514527
0.24257
14 60.0011584
0.513239
0.243452
14 70.00250573
0.514505
0.243009
14 80.00386071
0.515837
0.241785
14 90.00703892
0.516737
0.239584
14 100.0238469
0.508564
0.234974
14 110.0618492
0.488131
0.226651
14 120.105163
0.466018
0.216837
14 130.202496
0.415446
0.195687
14 140.28526
0.370835
0.176501
14 150.425602
0.30145
0.141261
14 160.678214
0.17643
0.0765685
14 170.807869
0.109167
0.0448204
14 180.879068
0.0726403
0.0297506
14 190.954276
0.0326052
0.0105141
14 200.978129
0.0174919
0.00521378
14 210.992812
0.0081986
0.00255029
14 220.998485
0.0023146
0.000711697
14 230.999046
0.000719936
0.00114391
14 240.999685
0.000416334
0.000913305
14 250.999882
0.000154422
0.00085168
14 260.999959
0.000402431
0.00146006
14 270.999959
0.000509567
0.00285352
14 280.999632
0.00105522
0.00705913
14 290.999361
0.00519621
0.0136334
14 300.998546
0.0119485
0.0235837
14 310.997568
0.0212678
0.0388749
14 320.999623
0.037387
0.0685228
14 330.995845
0.0556711
0.0961407
14 340.99397
0.0729775
0.135624
14 350.989799
0.103878
0.169233
14 360.986705
0.1191
0.209363
14 370.987226
0.139961
0.251552
14 380.980848
0.186925
0.294973
14 390.996602
0.180461
0.31062
15 00.00178622
0.535625
0.230265
15 10.000809624
0.524643
0.241139
15 20.00160365
0.516741
0.243317
15 30.000978461
0.512737
0.244126
15 40.00129495
0.509046
0.246744
15 50.000775672
0.508823
0.246496
15 60.00102091
0.508166
0.246584
15 70.00139465
0.508259
0.246083
15 80.00191167
0.508311
0.245694
15 90.00707483
0.50643
0.244548
15 100.0205633
0.49774
0.241605
15 110.044007
0.485106
0.237383
15 120.0811835
0.468956
0.227104
15 130.18281
0.418533
0.202872
15 140.263772
0.380052
0.182835
15 150.408035
0.305739
0.147288
15 160.621967
0.201261
0.0898167
15 170.808009
0.10745
0.0474515
15 180.882276
0.0663326
0.0284927
15 190.950211
0.0333659
0.0119185
15 200.982362
0.0139663
0.00510659
15 210.991951
0.00691144
0.00275759
15 220.998328
0.0020201
0.000832022
15 230.999607
0.000796173
0.000463887
15 240.99992
9.36654e-005
0.000195191
15 250.999963
7.92186e-005
0.000140676
15 260.999971
7.81921e-005
0.000233937
15 270.999885
0.000735048
0.00128461
15 280.9999
0.00227754
0.00373929
15 290.999328
0.00702348
0.00966399
15 300.998577
0.011685
0.0157838
15 310.999026
0.0211716
0.0310855
15 320.998523
0.0409298
0.0518745
15 330.998228
0.0601797
0.0733763
15 340.99163
0.112072
0.121247
15 350.999711
0.146545
0.150659
15 360.996696
0.178284
0.185432
15 370.988749
0.211207
0.219026
15 380.998353
0.225666
0.266103
15 390.980659
0.203627
0.291488
16 00.00278723
0.520162
0.240951
16 10.00218596
0.515765
0.24304
16 20.00152894
0.510303
0.245235
16 30.000938775
0.507928
0.24756
16 40.000851139
0.505017
0.248582
16 50.000649469
0.503951
0.248789
16 60.000564695
0.502673
0.249306
16 70.000376379
0.503056
0.249045
16 80.00162244
0.502973
0.249406
16 90.0052964
0.500169
0.248504
16 100.0158016
0.495639
0.246165
16 110.0310444
0.488482
0.242234
16 120.0576334
0.477415
0.234892
16 130.14189
0.436107
0.213682
16 140.242382
0.386672
0.188351
16 150.383954
0.316036
0.153258
16 160.59179
0.211103
0.101865
16 170.802446
0.108693
0.0492522
16 180.88391
0.064583
0.0300609
16 190.947822
0.0322314
0.0138003
16 200.98098
0.0138457
0.00557911
16 210.994033
0.00527122
0.00160985
16 220.998818
0.00189209
0.000959623
16 230.999605
0.000397042
0.00027266
16 240.999997
0.000145258
0.000105557
16 250.99995
4.46811e-005
4.13866e-005
16 260.999963
0.000159518
0.000107763
16 270.999886
0.000567609
0.000722639
16 280.999859
0.00264739
0.00223265
16 290.999649
0.00713113
0.00675743
16 300.999617
0.011839
0.0131374
16 310.999123
0.033345
0.0306002
16 320.996322
0.0587337
0.0525653
16 330.998037
0.0903413
0.0746512
16 340.992906
0.142203
0.116932
16 350.991636
0.192288
0.162709
16 360.997422
0.229754
0.191057
16 370.988047
0.255237
0.195895
16 380.98922
0.260572
0.224946
16 390.98854
0.300775
0.23714
17 00.00235937
0.506402
0.247553
17 10.0012015
0.505991
0.251414
17 20.000638942
0.502403
0.250836
17 30.000537557
0.501352
0.250546
17 40.000452183
0.500808
0.249993
17 50.000240077
0.500642
0.250206
17 60.000268961
0.500591
0.250009
17 70.000263882
0.500606
0.250106
17 80.000531182
0.50063
0.250023
17 90.00341832
0.499934
0.249403
17 100.0105384
0.496254
0.24718
17 110.0231524
0.490899
0.244106
17 120.0470098
0.481735
0.238326
17 130.110468
0.45059
0.223813
17 140.222773
0.394372
0.19483
17 150.358625
0.327997
0.160379
17 160.536784
0.237244
0.118155
17 170.751048
0.12989
0.0623132
17 180.881908
0.0649852
0.0315152
17 190.931867
0.0401603
0.0175458
17 200.97686
0.0150702
0.00676155
17 210.990934
0.00718067
0.00344668
17 220.999286
0.00204189
0.00144601
17 230.999718
0.000553927
0.000579731
17 240.999962
0.000153916
0.000191297
17 250.999946
0.000145367
9.20795e-005
17 260.999982
0.000355061
0.000238528
17 270.999806
0.00126601
0.00089734
17 280.999789
0.00353008
0.00238279
17 290.99902
0.00951479
0.0071615
17 300.999278
0.0207519
0.0155956
17 310.999915
0.0472265
0.0324727
17 320.999564
0.079807
0.0551694
17 330.996281
0.132113
0.0903305
17 340.998426
0.184689
0.122523
17 350.995773
0.235273
0.159345
17 360.992575
0.254273
0.179971
17 370.982331
0.28871
0.184507
17 380.999648
0.314785
0.206971
17 390.971735
0.308457
0.219023
18 00.00418029
0.506378
0.250171
18 10.0019878
0.502831
0.251683
18 20.00136101
0.50164
0.249879
18 30.000203924
0.500376
0.250443
18 40.000108613
0.500201
0.250107
18 50.000213329
0.500248
0.250054
18 66.98536e-005
0.500094
0.250163
18 70.000103094
0.500236
0.250161
18 80.000198926
0.500187
0.250054
18 90.00127556
0.499773
0.250022
18 100.00772768
0.496979
0.248272
18 110.0171105
0.492775
0.246335
18 120.0360654
0.484105
0.241327
18 130.0902083
0.458242
0.227472
18 140.196892
0.406127
0.201049
18 150.322529
0.342764
0.172778
18 160.514445
0.247149
0.124838
18 170.720798
0.145013
0.0729923
18 180.864905
0.0727892
0.0343595
18 190.921186
0.0444843
0.0214111
18 200.970492
0.0182983
0.00805459
18 210.989697
0.00698339
0.00427321
18 220.997634
0.00266525
0.00200963
18 230.999754
0.00125897
0.00110856
18 240.999632
0.000831496
0.000657947
18 250.999811
0.000662058
0.00052626
18 260.999782
0.00148914
0.000945831
18 270.999898
0.00278119
0.00202843
18 280.999686
0.006952
0.00433603
18 290.999997
0.0174266
0.010934
18 300.998445
0.033515
0.0230316
18 310.999942
0.0647662
0.0404404
18 320.996078
0.10413
0.0666691
18 330.996858
0.177925
0.114082
18 340.997286
0.249638
0.157315
18 350.999202
0.296068
0.187434
18 360.991392
0.312281
0.19751
18 370.988608
0.3302
0.213453
18 380.996837
0.335343
0.218739
18 390.998472
0.320169
0.229221
19 00.00120501
0.502332
0.250865
19 10.00123623
0.500945
0.25044
19 20.00084014
0.500677
0.250839
19 30.000346673
0.500309
0.250103
19 40.000100255
0.500183
0.250181
19 59.27873e-005
0.500104
0.250057
19 69.87906e-006
0.500012
0.250038
19 79.28625e-005
0.50006
0.250063
19 80.000196495
0.500053
0.250152
19 90.000846013
0.499954
0.249901
19 100.00529649
0.497847
0.249074
19 110.0136786
0.493937
0.246884
19 120.027008
0.487582
0.244459
19 130.0773776
0.461023
0.233467
19 140.166992
0.416852
0.211002
19 150.300507
0.352077
0.17846
19 160.481209
0.262213
0.132485
19 170.68763
0.162326
0.0818444
19 180.843551
0.0843775
0.0440476
19 190.908274
0.0500648
0.0251556
19 200.962056
0.0233255
0.0138042
19 210.987521
0.00923811
0.00605203
19 220.995202
0.00549044
0.00468015
19 230.999231
0.00200583
0.00230283
19 240.999738
0.00258269
0.00223226
19 250.99974
0.00298591
0.00219466
19 260.999517
0.00363554
0.00217695
19 270.999269
0.00618005
0.00426436
19 280.999515
0.01513
0.0103176
19 291
0.0254361
0.0161804
19 300.999142
0.0508138
0.0334055
19 310.999772
0.090943
0.0564463
19 320.997595
0.185364
0.116189
19 330.9976
0.279521
0.17653
19 340.99795
0.319209
0.197867
19 350.997078
0.337843
0.211093
19 360.996692
0.346922
0.217628
19 370.996923
0.362593
0.225323
19 380.99361
0.365944
0.238595
19 390.990879
0.366048
0.241524
20 00.002115
0.496682
0.255727
20 10.00120052
0.497371
0.25243
20 20.00028304
0.499002
0.251535
20 30.000240274
0.499741
0.250486
20 49.8256e-005
0.500035
0.250106
20 52.95254e-005
0.500053
0.250059
20 64.28787e-006
0.500003
0.250013
20 72.57174e-005
0.500016
0.250064
20 80.000181494
0.500051
0.250102
20 90.000713124
0.499824
0.25012
20 100.0034365
0.498315
0.24985
20 110.0123818
0.494161
0.24802
20 120.0254253
0.487036
0.245044
20 130.0563539
0.471528
0.23892
20 140.151876
0.424406
0.215596
20 150.245415
0.378239
0.193798
20 160.390148
0.305779
0.155735
20 170.627869
0.19143
0.0966927
20 180.809279
0.101616
0.0517665
20 190.875933
0.0659623
0.0363578
20 200.946502
0.0324204
0.0209845
20 210.978757
0.0142766
0.0118532
20 220.991692
0.00819706
0.00626543
20 230.999538
0.00632774
0.00514346
20 240.998463
0.00769343
0.00445332
20 250.999078
0.00731899
0.00474505
20 260.998681
0.00923052
0.0065885
20 270.999172
0.016672
0.0104373
20 280.999333
0.0250692
0.0156747
20 290.999056
0.047088
0.0286482
20 300.999646
0.0954638
0.0603574
20 310.999705
0.190479
0.118809
20 320.999069
0.282029
0.176278
20 330.999828
0.322006
0.201109
20 340.998302
0.355895
0.222184
20 350.999206
0.368101
0.228992
20 360.997284
0.369789
0.232055
20 370.998977
0.38146
0.239098
20 380.998869
0.382429
0.237486
20 390.990672
0.387411
0.239056
21 00.000684308
0.486502
0.258442
21 10.000558077
0.492217
0.255566
21 20.00074857
0.495218
0.25308
21 37.61488e-005
0.498136
0.251092
21 47.9282e-005
0.499195
0.250637
21 57.80952e-005
0.499816
0.250181
21 63.07016e-005
0.499927
0.250074
21 73.85219e-005
0.499934
0.250097
21 80.000206474
0.499798
0.250344
21 90.000446136
0.499833
0.250402
21 100.00310384
0.498217
0.250132
21 110.0121327
0.493596
0.248078
21 120.0268198
0.486012
0.24495
21 130.0535168
0.472841
0.240182
21 140.13124
0.433919
0.221781
21 150.242097
0.377685
0.195088
21 160.351689
0.323441
0.166542
21 170.57624
0.213329
0.112272
21 180.777965
0.116334
0.0628789
21 190.849457
0.0773578
0.0442207
21 200.930905
0.0356131
0.031008
21 210.969806
0.0213279
0.0173939
21 220.987675
0.00849918
0.0124652
21 230.997742
0.0128554
0.0103981
21 240.999578
0.0142525
0.0101273
21 250.999186
0.0140051
0.00822165
21 260.998499
0.0222807
0.0134174
21 270.999718
0.0338845
0.0202203
21 280.999831
0.0524773
0.0325548
21 290.999635
0.0845796
0.0529518
21 300.999293
0.18143
0.112834
21 310.999561
0.268193
0.167863
21 320.998691
0.321255
0.200766
21 330.999313
0.3517
0.218583
21 340.999837
0.367865
0.228488
21 350.999556
0.375507
0.233888
21 360.998227
0.38257
0.237016
21 370.997123
0.388573
0.241178
21 380.997612
0.390811
0.23975
21 390.996584
0.389379
0.244269
22 00.00100833
0.477772
0.262409
22 10.000572968
0.486806
0.25765
22 20.000385602
0.492725
0.254692
22 30.000206555
0.49658
0.251975
22 40.000234301
0.498379
0.250976
22 58.14559e-005
0.4989
0.25074
22 60.000117245
0.499211
0.250528
22 70.000145593
0.499344
0.250505
22 80.000125248
0.49963
0.250448
22 90.000502706
0.499345
0.250704
22 100.00296551
0.497973
0.250389
22 110.0123416
0.493741
0.248892
22 120.0268201
0.486174
0.246153
22 130.0492501
0.474916
0.242484
22 140.128342
0.435261
0.224238
22 150.235593
0.381665
0.197048
22 160.292698
0.35371
0.182448
22 170.517334
0.240612
0.128928
22 180.734712
0.129723
0.0776409
22 190.806423
0.0959584
0.0591308
22 200.914182
0.0465336
0.0423356
22 210.955422
0.0283429
0.0290373
22 220.986814
0.0188802
0.0203713
22 230.991221
0.0206074
0.0185203
22 240.997732
0.0277447
0.0184875
22 250.998457
0.030386
0.0177466
22 260.997991
0.0421631
0.0266807
22 270.999084
0.0596879
0.0356174
22 280.999284
0.0787369
0.0488847
22 290.998862
0.166546
0.103202
22 300.999592
0.267706
0.165819
22 310.999083
0.320707
0.19954
22 320.999214
0.34941
0.217621
22 330.999518
0.370798
0.231529
22 340.999681
0.382456
0.237395
22 350.9994
0.387616
0.241127
22 360.999679
0.390907
0.243564
22 370.999006
0.393953
0.246025
22 380.99822
0.394641
0.244861
22 390.995633
0.394865
0.247164
23 00.0010107
0.447457
0.277758
23 10.000407005
0.46946
0.267272
23 20.000375749
0.4794
0.260765
23 30.000460413
0.488367
0.256424
23 42.97104e-005
0.495107
0.252645
23 50.000241069
0.497503
0.251559
23 60.000186767
0.497669
0.251357
23 70.000234673
0.497876
0.25134
23 80.000266683
0.4974
0.25185
23 90.000624482
0.497835
0.252227
23 100.00296115
0.497926
0.252184
23 110.0111586
0.493064
0.249839
23 120.0267671
0.4766
0.260964
23 130.0512771
0.459437
0.262158
23 140.100181
0.425626
0.263224
23 150.206391
0.396321
0.205421
23 160.307797
0.345669
0.180696
23 170.452552
0.270826
0.149914
23 180.668581
0.161869
0.101003
23 190.758313
0.11774
0.0784545
23 200.890183
0.0606395
0.0562536
23 210.934523
0.0395405
0.0475061
23 220.974329
0.0334256
0.0365273
23 230.991043
0.0459979
0.0363994
23 240.993286
0.0476129
0.0320514
23 250.997927
0.0545509
0.0316332
23 260.997926
0.0764121
0.0455727
23 270.999237
0.10679
0.0659048
23 280.999708
0.145494
0.090364
23 290.999917
0.268645
0.166245
23 300.999493
0.314811
0.19465
23 310.999746
0.351482
0.217487
23 320.998946
0.373409
0.231059
23 330.999823
0.38596
0.239576
23 340.999658
0.389722
0.242457
23 350.999781
0.394234
0.244929
23 360.999671
0.39775
0.247464
23 370.999025
0.398486
0.247353
23 380.998352
0.398982
0.246986
23 390.997416
0.400621
0.247593
24 00.00176762
0.409063
0.297455
24 10.000575143
0.442264
0.280434
24 20.000386602
0.456516
0.272181
24 30.000167416
0.473282
0.263693
24 40.000218754
0.482341
0.259551
24 50.000305726
0.487571
0.256996
24 67.0881e-005
0.49126
0.255109
24 70.000283615
0.493064
0.254789
24 80.000506236
0.488211
0.262509
24 90.000369945
0.484181
0.267278
24 100.000838376
0.477019
0.280562
24 110.00542801
0.470298
0.288407
24 120.0221688
0.446827
0.310468
24 130.0423406
0.41833
0.332331
24 140.0707703
0.380288
0.360778
24 150.107736
0.363859
0.350979
24 160.211118
0.301282
0.340961
24 170.46265
0.222056
0.208389
24 180.551823
0.169941
0.196733
24 190.73869
0.132295
0.0989442
24 200.850006
0.0711306
0.0814956
24 210.922428
0.0551491
0.0691023
24 220.968167
0.0487382
0.0508436
24 230.986662
0.0701924
0.0520456
24 240.988546
0.0731154
0.0503925
24 250.996313
0.0876568
0.0531033
24 260.998333
0.115115
0.0709797
24 270.999661
0.15386
0.0923267
24 280.998902
0.231024
0.138577
24 290.998614
0.314631
0.1936
24 300.999533
0.350141
0.215433
24 310.999543
0.368351
0.227248
24 320.999595
0.384317
0.238198
24 330.999931
0.389833
0.242277
24 340.99989
0.395884
0.246317
24 350.999924
0.398968
0.248597
24 360.999768
0.399594
0.249117
24 370.99984
0.400039
0.249172
24 380.999444
0.40031
0.248983
24 390.997404
0.403918
0.250183
25 00.00151839
0.326308
0.338014
25 10.00087382
0.381968
0.310733
25 20.000355847
0.416242
0.293236
25 30.000183983
0.444341
0.279585
25 40.000270927
0.458159
0.272595
25 50.000273053
0.468296
0.268089
25 66.50342e-005
0.473359
0.268374
25 70.000267935
0.473897
0.273013
25 80.0003403
0.473711
0.279151
25 90.000569835
0.457436
0.3057
25 100.000740824
0.44425
0.322123
25 110.003105
0.425147
0.35385
25 120.0111518
0.379999
0.418876
25 130.0359727
0.329374
0.470805
25 140.0599169
0.310233
0.479642
25 150.0779658
0.296656
0.478639
25 160.162032
0.23803
0.483815
25 170.298498
0.154431
0.477373
25 180.465046
0.136909
0.334535
25 190.622063
0.118744
0.234186
25 200.830454
0.079423
0.0979124
25 210.896523
0.0721486
0.0886364
25 220.964168
0.0882094
0.0778602
25 230.976871
0.105904
0.0799043
25 240.979363
0.107389
0.0746148
25 250.993676
0.137804
0.080855
25 260.994695
0.197567
0.110176
25 270.995694
0.219351
0.125191
25 280.999175
0.289132
0.171593
25 290.998705
0.345267
0.20939
25 300.999422
0.366394
0.225482
25 310.999296
0.379935
0.234853
25 320.999204
0.388412
0.240863
25 330.99933
0.394818
0.245331
25 340.999821
0.398839
0.248684
25 350.999895
0.399784
0.249598
25 360.999966
0.399965
0.249771
25 370.999988
0.400097
0.249758
25 380.999465
0.400699
0.249393
25 390.99873
0.403021
0.248824
26 00.00106844
0.228116
0.389859
26 10.000570206
0.278633
0.364944
26 20.000336365
0.339253
0.333625
26 30.000509417
0.374799
0.315969
26 40.00041311
0.41219
0.299764
26 50.0004552
0.426744
0.295604
26 60.000407651
0.436972
0.296415
26 70.000400953
0.437468
0.308296
26 80.000629789
0.434452
0.32148
26 90.00057983
0.415466
0.360381
26 100.000687583
0.400266
0.386088
26 110.00150657
0.351094
0.455708
26 120.00709405
0.319502
0.506505
26 130.0176628
0.288237
0.546053
26 140.0444093
0.270755
0.547819
26 150.0798703
0.232739
0.570414
26 160.127549
0.19198
0.587938
26 170.188803
0.156816
0.58382
26 180.339317
0.123761
0.489854
26 190.505688
0.0777626
0.414543
26 200.628913
0.0790376
0.314829
26 210.807233
0.0770381
0.186486
26 220.943164
0.143008
0.0969751
26 230.969895
0.163393
0.109459
26 240.986319
0.206449
0.0977679
26 250.991206
0.241014
0.11842
26 260.99916
0.273338
0.141426
26 270.999893
0.302552
0.156962
26 280.998553
0.338796
0.191771
26 290.999332
0.371923
0.219518
26 300.998377
0.382271
0.230501
26 310.999295
0.386626
0.236669
26 320.999298
0.394136
0.24309
26 330.999449
0.398496
0.247621
26 340.999969
0.399687
0.249104
26 350.999938
0.399985
0.249755
26 360.999993
0.400019
0.249918
26 370.999938
0.400141
0.249953
26 380.999658
0.401072
0.24943
26 390.998815
0.40386
0.249272
27 00.001042
0.151089
0.430001
27 10.000615971
0.164394
0.423876
27 20.000979416
0.255193
0.376877
27 30.000443291
0.291501
0.362031
27 40.00050204
0.332029
0.344358
27 50.000164934
0.349573
0.341829
27 60.000506676
0.377503
0.344979
27 70.0003601
0.373112
0.3753
27 80.000250911
0.368829
0.39988
27 90.000154556
0.356383
0.430633
27 100.000844575
0.328901
0.485081
27 110.00172593
0.24535
0.611251
27 120.00355256
0.234698
0.632511
27 130.0109841
0.225091
0.64755
27 140.022259
0.193303
0.684032
27 150.0587274
0.159075
0.702089
27 160.124232
0.1345
0.671967
27 170.160037
0.143481
0.632765
27 180.267711
0.104405
0.607575
27 190.374706
0.0848481
0.556099
27 200.508122
0.0896643
0.465134
27 210.669854
0.113948
0.334466
27 220.860898
0.188254
0.199608
27 230.9674
0.250028
0.122356
27 240.978835
0.299746
0.126265
27 250.988602
0.381907
0.153299
27 260.99555
0.389624
0.16972
27 270.998261
0.392394
0.180666
27 280.997526
0.397769
0.204591
27 290.998068
0.404739
0.22365
27 300.999991
0.397549
0.235144
27 310.998554
0.398586
0.240555
27 320.998956
0.402658
0.245286
27 330.999895
0.402005
0.247641
27 340.999847
0.400212
0.248849
27 350.999941
0.40021
0.249641
27 360.999963
0.400229
0.249873
27 370.999989
0.400562
0.249712
27 380.999549
0.4013
0.249671
27 390.998748
0.405803
0.250046
28 00.000235715
0.0939468
0.457715
28 19.48622e-005
0.101245
0.453224
28 20.000555994
0.125282
0.446056
28 30.000708677
0.153918
0.432465
28 48.33519e-005
0.207979
0.420032
28 50.000505703
0.239993
0.419021
28 66.22961e-005
0.254844
0.435095
28 70.000197532
0.276331
0.455486
28 80.000813474
0.255633
0.517592
28 90.000468952
0.226472
0.599393
28 100.000568648
0.193173
0.674277
28 110.00121585
0.161331
0.735832
28 120.00147992
0.144045
0.764078
28 130.00386252
0.127123
0.79378
28 140.0111842
0.112663
0.812236
28 150.0291261
0.0891054
0.827195
28 160.0614109
0.0982636
0.793992
28 170.143273
0.101657
0.713197
28 180.257728
0.0939518
0.647181
28 190.323942
0.103616
0.616755
28 200.433822
0.15356
0.57688
28 210.516909
0.166457
0.502969
28 220.69112
0.32545
0.370973
28 230.971249
0.51038
0.161114
28 240.976806
0.525343
0.161692
28 250.991246
0.536831
0.17329
28 260.993249
0.553946
0.189854
28 270.999388
0.529262
0.199815
28 280.997194
0.501358
0.217894
28 290.999724
0.458502
0.233818
28 300.998942
0.43273
0.240074
28 310.998626
0.427943
0.24349
28 320.999602
0.415326
0.244826
28 330.999969
0.404704
0.247253
28 340.999508
0.40317
0.248632
28 350.999488
0.401284
0.249267
28 360.99975
0.401201
0.249744
28 370.999176
0.401793
0.249668
28 380.998778
0.404534
0.249775
28 390.996955
0.406276
0.252381
29 05.86619e-005
0.0440837
0.481261
29 10.000326365
0.0523967
0.47718
29 20.000323385
0.0624899
0.475371
29 30.000487263
0.0841293
0.471538
29 40.000325886
0.103476
0.481493
29 50.000516849
0.127041
0.502064
29 60.000242069
0.137229
0.521836
29 70.000681008
0.146442
0.552011
29 80.000366841
0.134792
0.674291
29 90.000475437
0.130575
0.73372
29 100.00068172
0.118204
0.77987
29 110.00196624
0.104141
0.825739
29 120.00219681
0.0845374
0.857547
29 130.00381823
0.071319
0.879802
29 140.00617939
0.061181
0.897393
29 150.0137943
0.0609913
0.884233
29 160.0283883
0.0698139
0.8617
29 170.0898437
0.0472703
0.847991
29 180.190492
0.088748
0.764891
29 190.326321
0.135921
0.657446
29 200.422882
0.231025
0.603559
29 210.496587
0.297217
0.553359
29 220.643099
0.455573
0.443479
29 230.851724
0.590135
0.289965
29 240.978866
0.680085
0.200605
29 250.983188
0.684472
0.19917
29 260.989984
0.633418
0.20581
29 270.997951
0.591848
0.212177
29 280.995304
0.5664
0.224198
29 290.997409
0.492975
0.235343
29 300.998326
0.468348
0.239228
29 310.999173
0.445056
0.243388
29 320.999533
0.432299
0.244774
29 330.999344
0.419494
0.246737
29 340.999366
0.412774
0.247668
29 350.999779
0.406806
0.248545
29 360.999502
0.405943
0.249474
29 370.998839
0.404949
0.250889
29 380.9993
0.408348
0.25153
29 390.99675
0.412907
0.248785
30 00.00071629
0.014039
0.495452
30 10.000523855
0.0169151
0.495488
30 24.9055e-005
0.0275947
0.492505
30 34.17459e-005
0.0436928
0.490709
30 40.000247905
0.0580034
0.499926
30 50.000786864
0.0754928
0.531766
30 60.000516373
0.0978992
0.56747
30 70.000188913
0.0832831
0.667992
30 80.000712465
0.0834987
0.747318
30 90.000127643
0.0722971
0.814989
30 100.000191892
0.0578494
0.875631
30 110.000742688
0.0478211
0.907776
30 120.00260207
0.0380931
0.929821
30 130.00267872
0.0296359
0.937817
30 140.00407323
0.0350747
0.93711
30 150.00735674
0.0340014
0.932184
30 160.0192339
0.0306133
0.926997
30 170.0628755
0.0558896
0.899689
30 180.134191
0.0789221
0.855656
30 190.264588
0.162392
0.753314
30 200.410169
0.264241
0.637511
30 210.501819
0.376123
0.570141
30 220.633035
0.498241
0.455632
30 230.794449
0.630869
0.345933
30 240.929286
0.74617
0.247942
30 250.987325
0.800686
0.203072
30 260.99307
0.810847
0.202538
30 270.998134
0.7834
0.209553
30 280.997161
0.755292
0.213857
30 290.996966
0.610466
0.227723
30 300.997857
0.52055
0.23657
30 310.998514
0.477653
0.241512
30 320.998872
0.451941
0.244079
30 330.999815
0.439557
0.246921
30 340.998164
0.425206
0.246698
30 350.998447
0.418431
0.249239
30 360.997482
0.411201
0.249852
30 370.999623
0.411067
0.251359
30 380.998234
0.412928
0.251925
30 390.995779
0.420545
0.254918
31 00.000215629
0.00534535
0.498991
31 10.000366043
0.00611248
0.499977
31 20.000310603
0.00933542
0.50053
31 30.000131189
0.0130213
0.509467
31 40.000126689
0.0217622
0.524539
31 59.03133e-005
0.0359928
0.545734
31 60.000245005
0.0439025
0.612098
31 70.00101327
0.0406871
0.735611
31 80.000672037
0.0326434
0.816225
31 90.000446919
0.0285317
0.893598
31 100.00119101
0.0232259
0.922702
31 110.000988752
0.0141663
0.958315
31 120.00102939
0.0140565
0.966515
31 130.00202627
0.0145841
0.969342
31 140.00270579
0.0156141
0.970685
31 150.00343366
0.0114626
0.974594
31 160.0133629
0.0237359
0.95054
31 170.0440877
0.0432217
0.940344
31 180.122124
0.095789
0.882859
31 190.207698
0.167092
0.814302
31 200.375539
0.300656
0.672055
31 210.503163
0.42427
0.571952
31 220.658779
0.588629
0.450169
31 230.810127
0.740287
0.343009
31 240.945656
0.843146
0.23567
31 250.987428
0.882282
0.207218
31 260.993496
0.874714
0.205041
31 270.995822
0.856381
0.208802
31 280.997175
0.828443
0.209066
31 290.996805
0.783116
0.216641
31 300.997832
0.628604
0.229641
31 310.998132
0.560821
0.235145
31 320.999985
0.495878
0.242118
31 330.997935
0.457438
0.246527
31 340.99857
0.450881
0.246972
31 350.998252
0.433967
0.247034
31 360.998201
0.428289
0.249398
31 370.993207
0.426177
0.252301
31 380.997205
0.424043
0.255578
31 390.998943
0.421639
0.254713
32 00.000134364
0.00152054
0.500428
32 10.000122257
0.00217889
0.500334
32 20.00020386
0.00313174
0.502654
32 30.000296737
0.00476556
0.509538
32 40.000499879
0.0083233
0.523294
32 50.000132564
0.013868
0.553906
32 60.000619551
0.0179482
0.653583
32 70.000691838
0.0186989
0.779967
32 80.000136571
0.0118949
0.865886
32 90.000471329
0.0121831
0.914346
32 100.000869364
0.00885425
0.959153
32 110.000223511
0.00789931
0.973149
32 120.00111711
0.00650399
0.983514
32 130.00119184
0.00352822
0.987431
32 140.00187045
0.00572598
0.987244
32 150.00687215
0.00815362
0.984065
32 160.0167065
0.0159578
0.976971
32 170.0587787
0.0536996
0.941324
32 180.0969359
0.0901653
0.908191
32 190.199543
0.188892
0.826139
32 200.341655
0.319231
0.713623
32 210.600667
0.567014
0.507196
32 220.755142
0.727685
0.384224
32 230.840083
0.807568
0.319318
32 240.917699
0.867928
0.266472
32 250.989163
0.928546
0.204848
32 260.992532
0.931334
0.207548
32 270.998246
0.926395
0.202889
32 280.997095
0.903308
0.206266
32 290.998102
0.876754
0.211296
32 300.999606
0.795951
0.216758
32 310.99927
0.663024
0.227118
32 320.99761
0.57485
0.235767
32 330.998197
0.525454
0.239628
32 340.998828
0.472508
0.243708
32 350.994984
0.45986
0.247474
32 360.999719
0.445402
0.252685
32 370.993387
0.441261
0.254523
32 380.994646
0.437894
0.248921
32 390.984074
0.429882
0.253192
33 06.65187e-005
0.000142921
0.500235
33 18.02037e-005
0.000434264
0.500436
33 27.53164e-005
0.00126694
0.501977
33 30.000322099
0.00301559
0.508256
33 40.000161453
0.00518707
0.519729
33 50.000826622
0.00926982
0.562178
33 60.000616946
0.0108453
0.662376
33 70.000592879
0.0121938
0.795032
33 80.000567951
0.00975742
0.883037
33 90.000778394
0.00604948
0.946066
33 100.000262798
0.00405953
0.971361
33 110.000660528
0.00238459
0.986722
33 120.000616153
0.00153227
0.99305
33 130.00077107
0.0016042
0.994565
33 140.000386212
0.00198903
0.994086
33 150.00334339
0.00475508
0.991303
33 160.0135226
0.010464
0.984609
33 170.0400845
0.0384979
0.960723
33 180.105478
0.100239
0.908823
33 190.182434
0.172513
0.843977
33 200.377038
0.369297
0.694108
33 210.628999
0.620983
0.488302
33 220.78695
0.775534
0.362602
33 230.871849
0.859003
0.296988
33 240.938136
0.9151
0.248426
33 250.992036
0.959824
0.205712
33 260.996033
0.965055
0.204873
33 270.996944
0.964771
0.206387
33 280.995914
0.950407
0.206218
33 290.996606
0.935043
0.206864
33 300.999661
0.90268
0.20964
33 310.999804
0.861848
0.212739
33 320.998796
0.72379
0.224067
33 330.99692
0.60941
0.236406
33 340.995601
0.546693
0.238573
33 350.994966
0.501435
0.243567
33 360.994718
0.492199
0.245754
33 370.991896
0.480736
0.254904
33 380.983064
0.459542
0.26183
33 390.994508
0.44834
0.249772
34 02.70503e-005
5.78053e-005
0.500129
34 16.03107e-005
9.7145e-005
0.500338
34 20.000173561
0.000524016
0.502405
34 30.000356648
0.000974308
0.50948
34 40.000510661
0.00220678
0.52075
34 52.87516e-006
0.00341459
0.563703
34 60.00124051
0.00506037
0.67462
34 70.000104899
0.00437091
0.819053
34 80.00146952
0.00416021
0.89981
34 96.69323e-005
0.0028255
0.955158
34 100.000518053
0.00162621
0.980435
34 117.79879e-005
0.000795599
0.991969
34 120.000346683
0.000474687
0.997105
34 130.000183126
0.000276006
0.998415
34 140.00100842
0.00120429
0.99794
34 150.00395813
0.00465332
0.994266
34 160.0132205
0.0148823
0.985019
34 170.0409323
0.0425095
0.960321
34 180.100508
0.0995088
0.911564
34 190.218017
0.216704
0.81924
34 200.413026
0.409584
0.663485
34 210.685462
0.680355
0.443362
34 220.841813
0.836792
0.32
34 230.904187
0.898568
0.274952
34 240.94453
0.93569
0.24113
34 250.98343
0.968399
0.214407
34 260.996757
0.980128
0.205727
34 270.999533
0.981305
0.203393
34 280.998185
0.974964
0.203774
34 290.998404
0.964697
0.205316
34 300.997033
0.943906
0.206233
34 310.998121
0.925732
0.208271
34 320.994956
0.891529
0.211848
34 330.998472
0.804618
0.221953
34 340.999041
0.702351
0.227666
34 350.992059
0.603776
0.239205
34 360.985535
0.562201
0.250067
34 370.995797
0.547308
0.243531
34 380.996603
0.510646
0.245551
34 390.963664
0.518396
0.256007
35 05.59057e-005
0.000113727
0.500268
35 12.37446e-006
0.000210083
0.500823
35 20.000225662
0.000487531
0.503241
35 30.00050737
0.00103762
0.510817
35 40.000153541
0.00188701
0.523741
35 50.000181937
0.00279172
0.568205
35 60.00133579
0.00435714
0.680006
35 70.000708762
0.00349948
0.824235
35 80.00143594
0.00248167
0.903121
35 90.000786031
0.00244755
0.957
35 100.000157337
0.000965062
0.985024
35 110.000384064
0.000878613
0.993564
35 120.000184755
0.000189016
0.998374
35 130.000122996
0.000178481
0.999001
35 140.000578116
0.000622712
0.99845
35 150.00321094
0.0031407
0.995248
35 160.0155046
0.015367
0.984765
35 170.045239
0.0446995
0.959259
35 180.115941
0.112375
0.902317
35 190.271951
0.272599
0.776998
35 200.45396
0.454836
0.62955
35 210.758142
0.755764
0.386847
35 220.886897
0.884197
0.288911
35 230.91796
0.912696
0.262788
35 240.964382
0.959345
0.226865
35 250.990746
0.980259
0.209944
35 260.99716
0.989462
0.20339
35 270.999589
0.989314
0.203686
35 280.997126
0.988639
0.202681
35 290.996697
0.984146
0.201145
35 300.997274
0.97428
0.202747
35 310.996361
0.950073
0.206444
35 320.999045
0.937403
0.208168
35 330.994032
0.893875
0.214276
35 340.996441
0.840248
0.214976
35 350.991677
0.796894
0.219438
35 360.982325
0.684014
0.247333
35 370.972796
0.618353
0.231429
35 380.986925
0.61323
0.255101
35 390.961524
0.519959
0.277097
36 00.000393351
0.000632802
0.501655
36 10.000453521
0.000530759
0.502029
36 20.000288295
0.000924145
0.505499
36 30.00091584
0.000813226
0.516202
36 40.00112722
0.00186413
0.531819
36 50.00159755
0.00205274
0.579408
36 60.00198703
0.00218272
0.706491
36 70.0012819
0.0023326
0.842951
36 80.000913089
0.0022448
0.902362
36 90.00181427
0.00155579
0.958749
36 105.50614e-005
0.000439433
0.982866
36 110.000507671
0.000678365
0.992243
36 120.000180839
0.000315869
0.997708
36 130.000371942
0.000352279
0.998313
36 140.00133875
0.00188418
0.997748
36 150.00428201
0.00481385
0.993072
36 160.0168007
0.0184203
0.982662
36 170.0505884
0.0516377
0.954697
36 180.141163
0.139882
0.882461
36 190.291674
0.289949
0.761546
36 200.492063
0.489368
0.604559
36 210.788876
0.785808
0.365926
36 220.898967
0.898007
0.277013
36 230.94534
0.941714
0.241882
36 240.978192
0.975393
0.219213
36 250.993324
0.989161
0.204945
36 260.997861
0.994705
0.201958
36 270.999204
0.996135
0.200858
36 280.998634
0.994706
0.201654
36 290.998937
0.99234
0.200683
36 300.997922
0.988269
0.203238
36 310.999841
0.975818
0.202667
36 320.998806
0.959787
0.203361
36 330.999174
0.927441
0.211734
36 340.996895
0.892843
0.216382
36 350.996043
0.843354
0.214967
36 360.988493
0.769991
0.223521
36 370.971578
0.700043
0.24851
36 380.997787
0.639068
0.253719
36 390.963923
0.609113
0.294446
37 00.000701382
0.000695614
0.503231
37 10.000827597
0.00143686
0.504362
37 20.000409347
0.00177123
0.509971
37 30.000798166
0.00114366
0.521953
37 40.000519978
0.00301521
0.548548
37 53.0182e-005
0.00357304
0.600736
37 60.000128175
0.00154946
0.718749
37 70.00272824
0.00103951
0.826651
37 80.000763309
0.00308294
0.89664
37 90.00241231
0.0027961
0.957917
37 100.00100435
0.002334
0.976688
37 110.000262661
0.000609871
0.989061
37 120.000622161
0.000568491
0.993815
37 130.000173836
0.00123452
0.99529
37 140.00398243
0.00375594
0.993508
37 150.0114112
0.00985156
0.988754
37 160.0308243
0.0317186
0.970655
37 170.0577022
0.0599102
0.948719
37 180.173702
0.173689
0.854004
37 190.347368
0.344093
0.718694
37 200.577513
0.574099
0.536343
37 210.829991
0.829794
0.332954
37 220.916442
0.9166
0.262414
37 230.960405
0.958753
0.230302
37 240.987029
0.985142
0.211701
37 250.997963
0.995763
0.203016
37 260.998923
0.999073
0.200374
37 270.999359
0.998644
0.200133
37 280.998983
0.997863
0.200804
37 290.998479
0.994943
0.201991
37 300.997625
0.992978
0.200938
37 310.997135
0.985817
0.205165
37 320.996687
0.971492
0.203827
37 330.999561
0.966409
0.209648
37 340.998529
0.933631
0.206487
37 350.980491
0.892945
0.226791
37 360.989995
0.832013
0.228397
37 370.961468
0.74779
0.223163
37 380.976601
0.747038
0.232823
37 390.992942
0.723159
0.288991
38 00.00191036
0.00287527
0.508073
38 10.00112587
0.00105341
0.50772
38 20.00276124
0.000636434
0.517738
38 30.00211712
0.00233517
0.53635
38 40.00147369
0.00116212
0.557743
38 50.00446498
0.00282202
0.614816
38 60.00357433
0.00250763
0.72785
38 70.00457348
0.00176437
0.809125
38 80.00352179
0.00168852
0.892154
38 90.00376637
0.00332587
0.930736
38 100.00108818
0.00295677
0.971773
38 110.000932528
0.00279499
0.981707
38 120.00235836
0.000701051
0.988354
38 130.0018619
0.00336513
0.990609
38 140.00624069
0.00689481
0.989161
38 150.018224
0.0220011
0.977861
38 160.0456621
0.0454805
0.957121
38 170.0964013
0.0938419
0.914985
38 180.225146
0.22792
0.814086
38 190.420417
0.421058
0.658493
38 200.680728
0.679092
0.452986
38 210.874145
0.874946
0.296942
38 220.93913
0.940381
0.247117
38 230.971242
0.971518
0.221266
38 240.990397
0.989343
0.209059
38 250.998461
0.997725
0.201784
38 260.999553
0.999111
0.200249
38 270.999724
0.999857
0.200129
38 280.999967
0.999353
0.200358
38 290.999058
0.99786
0.20072
38 300.999786
0.994105
0.201185
38 310.998806
0.990763
0.201359
38 320.999571
0.980975
0.203022
38 330.99343
0.969028
0.203416
38 340.991574
0.958192
0.214695
38 350.993423
0.927609
0.211712
38 360.965918
0.907265
0.226591
38 370.989372
0.828179
0.236818
38 380.927294
0.815467
0.251459
38 390.93153
0.749284
0.235628
39 00.00280185
0.00519138
0.513965
39 10.00482351
0.00105456
0.519796
39 20.00140827
0.00413361
0.525774
39 30.000247906
0.00165794
0.557401
39 40.00575413
0.00477072
0.59255
39 50.00658902
0.00745113
0.627108
39 60.00340359
0.00754037
0.691165
39 70.00197848
0.0017538
0.796916
39 80.00484853
0.00694418
0.877012
39 90.00390184
0.00425349
0.928787
39 100.00399303
0.00143069
0.949679
39 110.00508917
0.00317679
0.975802
39 120.00309942
0.00537219
0.978454
39 130.00935266
0.00808827
0.980607
39 140.012276
0.0125777
0.980439
39 150.0315176
0.0331184
0.967444
39 160.0826807
0.0822143
0.926163
39 170.113559
0.112473
0.89569
39 180.296651
0.298388
0.752454
39 190.474389
0.476039
0.612573
39 200.769235
0.769603
0.383078
39 210.892643
0.891462
0.284705
39 220.943421
0.941572
0.245156
39 230.973233
0.972797
0.221652
39 240.993741
0.99234
0.204944
39 250.9985
0.998891
0.201512
39 260.999928
0.999634
0.200142
39 270.999982
0.999895
0.200104
39 280.999998
0.999621
0.200156
39 290.999306
0.998543
0.201093
39 300.999822
0.996319
0.202802
39 310.995214
0.991745
0.201548
39 320.993235
0.985588
0.20401
39 330.992824
0.977395
0.209627
39 340.986718
0.951338
0.215303
39 350.973953
0.938712
0.224082
39 360.97464
0.9118
0.224816
39 370.953659
0.856989
0.257829
39 380.982083
0.796278
0.264943
39 390.884602
0.71622
0.272968
