0 0 0 253 0  
0 1 0 254 0  
0 2 0 254 0  
0 3 0 254 0  
0 4 0 254 0  
0 5 0 254 0  
0 6 0 253 1  
0 7 1 251 0  
0 8 0 250 2  
0 9 3 249 4  
0 10 1 248 5  
0 11 4 240 8  
0 12 10 245 9  
0 13 6 243 15  
0 14 21 239 13  
0 15 13 225 8  
0 16 55 185 40  
0 17 91 169 76  
0 18 114 130 82  
0 19 182 64 140  
0 20 207 25 189  
0 21 218 16 205  
0 22 236 8 216  
0 23 252 8 235  
0 24 252 1 241  
0 25 253 2 246  
0 26 254 0 248  
0 27 254 1 251  
0 28 254 0 252  
0 29 254 0 253  
0 30 254 0 254  
0 31 254 0 254  
0 32 254 0 254  
0 33 254 0 254  
0 34 254 0 254  
0 35 254 0 254  
0 36 254 0 254  
0 37 254 0 254  
0 38 253 0 254  
0 39 253 0 252  
1 0 0 253 0  
1 1 0 254 0  
1 2 0 254 0  
1 3 0 254 0  
1 4 0 254 0  
1 5 0 254 0  
1 6 0 253 0  
1 7 0 253 1  
1 8 1 250 3  
1 9 1 250 4  
1 10 1 248 7  
1 11 4 244 10  
1 12 1 248 8  
1 13 4 237 6  
1 14 20 232 13  
1 15 16 229 6  
1 16 37 201 25  
1 17 84 163 57  
1 18 100 143 84  
1 19 196 54 152  
1 20 212 25 164  
1 21 223 26 196  
1 22 238 8 201  
1 23 248 1 223  
1 24 254 3 235  
1 25 252 1 240  
1 26 254 0 245  
1 27 254 0 249  
1 28 254 0 251  
1 29 254 0 253  
1 30 254 0 254  
1 31 254 0 254  
1 32 254 0 254  
1 33 254 0 254  
1 34 254 0 254  
1 35 254 0 254  
1 36 254 0 254  
1 37 254 0 253  
1 38 254 1 253  
1 39 254 2 251  
2 0 0 254 0  
2 1 0 254 0  
2 2 0 254 0  
2 3 0 254 0  
2 4 0 254 0  
2 5 0 254 0  
2 6 0 254 1  
2 7 1 253 0  
2 8 2 252 1  
2 9 3 248 2  
2 10 1 249 7  
2 11 7 242 5  
2 12 3 237 8  
2 13 16 235 8  
2 14 16 226 9  
2 15 25 216 8  
2 16 58 185 31  
2 17 87 168 56  
2 18 116 132 67  
2 19 199 46 111  
2 20 225 33 134  
2 21 239 18 174  
2 22 237 13 183  
2 23 251 5 214  
2 24 253 0 229  
2 25 253 1 238  
2 26 254 0 241  
2 27 254 0 246  
2 28 254 0 250  
2 29 254 0 252  
2 30 254 0 253  
2 31 254 0 254  
2 32 254 0 254  
2 33 254 0 254  
2 34 254 0 254  
2 35 254 0 254  
2 36 254 0 254  
2 37 254 0 253  
2 38 253 0 253  
2 39 253 1 249  
3 0 0 253 0  
3 1 0 253 0  
3 2 0 254 0  
3 3 0 254 0  
3 4 0 254 0  
3 5 0 253 0  
3 6 0 253 1  
3 7 0 252 1  
3 8 1 249 3  
3 9 1 247 5  
3 10 6 249 6  
3 11 6 243 8  
3 12 6 243 4  
3 13 12 232 13  
3 14 17 221 9  
3 15 30 211 6  
3 16 69 176 18  
3 17 105 143 31  
3 18 137 107 52  
3 19 210 41 95  
3 20 229 30 120  
3 21 240 17 166  
3 22 241 8 180  
3 23 254 3 198  
3 24 253 1 220  
3 25 254 1 234  
3 26 253 1 238  
3 27 254 0 243  
3 28 254 0 248  
3 29 254 0 250  
3 30 254 0 252  
3 31 254 0 253  
3 32 254 0 253  
3 33 254 0 254  
3 34 254 0 254  
3 35 254 0 253  
3 36 254 0 253  
3 37 254 1 253  
3 38 253 1 251  
3 39 254 1 249  
4 0 0 252 2  
4 1 0 253 0  
4 2 0 254 0  
4 3 0 254 1  
4 4 0 253 0  
4 5 0 252 0  
4 6 0 252 1  
4 7 0 250 1  
4 8 1 249 5  
4 9 5 246 5  
4 10 5 246 7  
4 11 7 245 6  
4 12 8 239 6  
4 13 18 233 8  
4 14 28 220 5  
4 15 41 203 3  
4 16 94 151 7  
4 17 122 127 20  
4 18 166 80 52  
4 19 206 43 87  
4 20 224 27 109  
4 21 239 16 138  
4 22 248 12 142  
4 23 254 1 169  
4 24 253 1 203  
4 25 254 0 216  
4 26 254 0 229  
4 27 254 0 234  
4 28 254 0 241  
4 29 254 0 248  
4 30 254 0 250  
4 31 254 0 251  
4 32 254 0 252  
4 33 254 0 252  
4 34 254 0 252  
4 35 254 0 252  
4 36 254 0 252  
4 37 253 0 251  
4 38 253 1 249  
4 39 253 0 249  
5 0 1 250 2  
5 1 0 252 1  
5 2 0 252 1  
5 3 1 251 2  
5 4 0 251 2  
5 5 0 251 1  
5 6 0 250 2  
5 7 0 247 4  
5 8 1 245 5  
5 9 0 243 6  
5 10 5 243 5  
5 11 6 241 8  
5 12 13 237 4  
5 13 24 227 5  
5 14 34 211 3  
5 15 74 174 3  
5 16 117 128 12  
5 17 131 120 16  
5 18 172 80 44  
5 19 212 40 60  
5 20 228 24 73  
5 21 240 13 95  
5 22 248 7 108  
5 23 251 2 128  
5 24 254 1 175  
5 25 253 1 193  
5 26 254 0 216  
5 27 254 0 224  
5 28 254 0 231  
5 29 254 0 238  
5 30 254 0 244  
5 31 254 0 248  
5 32 254 0 250  
5 33 254 0 250  
5 34 254 0 250  
5 35 254 0 250  
5 36 254 1 251  
5 37 253 1 250  
5 38 252 0 248  
5 39 253 4 247  
6 0 1 247 3  
6 1 1 247 3  
6 2 1 248 2  
6 3 1 248 2  
6 4 0 247 4  
6 5 0 246 4  
6 6 0 243 6  
6 7 1 242 7  
6 8 1 240 6  
6 9 2 236 8  
6 10 5 235 7  
6 11 8 235 9  
6 12 18 224 9  
6 13 31 215 9  
6 14 61 190 8  
6 15 114 140 7  
6 16 122 123 6  
6 17 140 111 11  
6 18 196 53 34  
6 19 217 30 41  
6 20 230 24 50  
6 21 237 12 69  
6 22 246 9 90  
6 23 251 4 99  
6 24 253 0 123  
6 25 254 1 166  
6 26 253 1 188  
6 27 254 0 209  
6 28 254 0 216  
6 29 254 0 228  
6 30 254 0 234  
6 31 254 0 237  
6 32 254 0 242  
6 33 254 0 247  
6 34 254 0 247  
6 35 254 0 246  
6 36 254 1 246  
6 37 254 2 247  
6 38 253 2 247  
6 39 253 5 243  
7 0 2 243 6  
7 1 2 241 7  
7 2 0 242 8  
7 3 0 239 7  
7 4 1 239 8  
7 5 0 237 8  
7 6 1 236 9  
7 7 0 234 10  
7 8 1 227 12  
7 9 2 227 13  
7 10 4 225 13  
7 11 8 219 14  
7 12 17 214 14  
7 13 39 195 10  
7 14 74 164 10  
7 15 116 129 10  
7 16 140 110 8  
7 17 176 78 8  
7 18 209 39 22  
7 19 224 29 35  
7 20 232 22 41  
7 21 240 15 45  
7 22 249 4 58  
7 23 253 1 71  
7 24 253 2 83  
7 25 254 1 100  
7 26 254 0 137  
7 27 254 0 160  
7 28 254 0 186  
7 29 254 0 210  
7 30 254 0 217  
7 31 254 0 227  
7 32 254 0 231  
7 33 254 0 236  
7 34 254 0 241  
7 35 253 1 240  
7 36 254 2 240  
7 37 252 1 241  
7 38 254 3 241  
7 39 254 6 238  
8 0 1 231 11  
8 1 1 233 10  
8 2 1 233 11  
8 3 1 233 10  
8 4 0 233 10  
8 5 1 229 13  
8 6 1 226 13  
8 7 0 225 14  
8 8 1 226 15  
8 9 2 222 16  
8 10 3 213 20  
8 11 7 204 21  
8 12 23 193 19  
8 13 49 176 15  
8 14 99 125 19  
8 15 118 115 11  
8 16 154 91 9  
8 17 196 58 6  
8 18 206 40 11  
8 19 225 26 22  
8 20 235 19 25  
8 21 245 11 30  
8 22 253 5 36  
8 23 254 1 43  
8 24 253 0 49  
8 25 254 1 51  
8 26 254 1 74  
8 27 254 0 100  
8 28 254 0 112  
8 29 254 0 162  
8 30 254 0 186  
8 31 254 0 207  
8 32 254 0 222  
8 33 254 0 222  
8 34 254 0 229  
8 35 254 2 235  
8 36 254 2 236  
8 37 254 1 234  
8 38 252 3 226  
8 39 251 5 230  
9 0 1 227 13  
9 1 2 223 16  
9 2 1 219 17  
9 3 1 215 20  
9 4 0 211 22  
9 5 0 209 22  
9 6 1 209 23  
9 7 1 206 24  
9 8 2 204 24  
9 9 2 193 28  
9 10 5 194 28  
9 11 11 194 24  
9 12 27 180 24  
9 13 50 146 30  
9 14 87 118 26  
9 15 141 89 14  
9 16 177 63 9  
9 17 195 46 10  
9 18 215 35 4  
9 19 227 25 11  
9 20 240 15 16  
9 21 246 7 17  
9 22 253 3 19  
9 23 253 2 23  
9 24 254 0 27  
9 25 254 1 33  
9 26 254 1 39  
9 27 254 0 52  
9 28 254 0 71  
9 29 254 0 97  
9 30 254 0 111  
9 31 254 1 160  
9 32 254 1 192  
9 33 254 0 208  
9 34 254 1 208  
9 35 254 0 215  
9 36 252 1 218  
9 37 252 3 222  
9 38 249 2 215  
9 39 247 9 213  
10 0 1 213 22  
10 1 0 205 25  
10 2 1 198 29  
10 3 1 197 29  
10 4 1 191 32  
10 5 0 191 32  
10 6 0 190 32  
10 7 0 178 37  
10 8 1 170 41  
10 9 1 171 41  
10 10 5 171 40  
10 11 15 168 36  
10 12 33 152 35  
10 13 57 125 35  
10 14 92 104 30  
10 15 133 80 20  
10 16 174 55 13  
10 17 203 38 10  
10 18 218 30 4  
10 19 232 18 7  
10 20 242 12 8  
10 21 248 7 12  
10 22 253 2 10  
10 23 253 1 11  
10 24 254 0 13  
10 25 254 0 15  
10 26 254 0 20  
10 27 254 1 23  
10 28 254 0 31  
10 29 254 0 49  
10 30 254 0 66  
10 31 254 1 99  
10 32 254 0 129  
10 33 253 2 165  
10 34 253 2 183  
10 35 253 2 183  
10 36 252 2 190  
10 37 253 7 197  
10 38 252 5 190  
10 39 244 12 191  
11 0 1 177 38  
11 1 0 173 41  
11 2 1 174 40  
11 3 1 171 42  
11 4 1 170 42  
11 5 0 164 45  
11 6 0 162 46  
11 7 0 162 45  
11 8 2 161 46  
11 9 1 161 46  
11 10 5 157 46  
11 11 17 142 48  
11 12 32 126 48  
11 13 51 120 42  
11 14 102 93 29  
11 15 141 68 23  
11 16 168 50 19  
11 17 207 33 8  
11 18 224 23 6  
11 19 237 16 2  
11 20 245 11 3  
11 21 251 4 6  
11 22 253 2 6  
11 23 254 0 5  
11 24 254 0 5  
11 25 254 0 6  
11 26 254 0 8  
11 27 254 0 12  
11 28 254 0 17  
11 29 254 1 24  
11 30 254 0 39  
11 31 254 1 51  
11 32 253 1 70  
11 33 254 2 95  
11 34 252 3 120  
11 35 254 3 129  
11 36 253 6 151  
11 37 253 8 166  
11 38 253 5 173  
11 39 251 9 181  
12 0 0 165 44  
12 1 1 162 45  
12 2 0 159 48  
12 3 1 156 48  
12 4 0 154 50  
12 5 0 150 52  
12 6 1 149 52  
12 7 0 149 53  
12 8 1 151 51  
12 9 3 149 51  
12 10 7 138 55  
12 11 17 131 53  
12 12 26 126 51  
12 13 46 116 45  
12 14 94 89 36  
12 15 140 63 26  
12 16 168 50 19  
12 17 200 32 11  
12 18 226 21 5  
12 19 238 14 3  
12 20 246 8 2  
12 21 251 3 1  
12 22 253 1 2  
12 23 254 0 2  
12 24 254 0 2  
12 25 254 0 2  
12 26 254 0 3  
12 27 254 0 5  
12 28 254 0 7  
12 29 254 0 13  
12 30 254 0 23  
12 31 254 1 35  
12 32 254 2 48  
12 33 254 4 65  
12 34 252 7 90  
12 35 253 10 107  
12 36 251 11 114  
12 37 250 20 138  
12 38 248 16 141  
12 39 242 20 130  
13 0 0 157 48  
13 1 1 157 50  
13 2 0 148 53  
13 3 0 144 55  
13 4 0 142 56  
13 5 0 141 57  
13 6 0 139 57  
13 7 0 138 58  
13 8 1 135 59  
13 9 2 134 59  
13 10 7 132 57  
13 11 17 128 54  
13 12 24 126 52  
13 13 51 108 47  
13 14 87 88 40  
13 15 128 67 30  
13 16 181 42 17  
13 17 203 29 11  
13 18 228 17 6  
13 19 241 9 2  
13 20 248 5 1  
13 21 252 2 0  
13 22 254 0 1  
13 23 254 0 1  
13 24 254 0 0  
13 25 254 0 0  
13 26 254 0 1  
13 27 254 0 1  
13 28 254 0 3  
13 29 254 0 6  
13 30 254 1 11  
13 31 254 3 17  
13 32 254 5 30  
13 33 253 9 42  
13 34 253 13 55  
13 35 252 20 62  
13 36 251 26 65  
13 37 254 34 86  
13 38 247 41 97  
13 39 247 44 99  
14 0 0 140 59  
14 1 1 136 59  
14 2 0 134 60  
14 3 0 133 60  
14 4 0 131 61  
14 5 0 131 61  
14 6 0 130 62  
14 7 0 131 61  
14 8 0 131 61  
14 9 1 131 61  
14 10 6 129 59  
14 11 15 124 57  
14 12 26 118 55  
14 13 51 105 49  
14 14 72 94 45  
14 15 108 76 36  
14 16 172 44 19  
14 17 206 27 11  
14 18 224 18 7  
14 19 243 8 2  
14 20 249 4 1  
14 21 253 2 0  
14 22 254 0 0  
14 23 254 0 0  
14 24 254 0 0  
14 25 254 0 0  
14 26 254 0 0  
14 27 254 0 0  
14 28 254 0 1  
14 29 254 1 3  
14 30 254 3 6  
14 31 254 5 9  
14 32 254 9 17  
14 33 253 14 24  
14 34 253 18 34  
14 35 252 26 43  
14 36 251 30 53  
14 37 251 35 64  
14 38 250 47 75  
14 39 254 46 79  
15 0 0 136 58  
15 1 0 133 61  
15 2 0 131 62  
15 3 0 130 62  
15 4 0 129 62  
15 5 0 129 62  
15 6 0 129 62  
15 7 0 129 62  
15 8 0 129 62  
15 9 1 129 62  
15 10 5 126 61  
15 11 11 123 60  
15 12 20 119 57  
15 13 46 106 51  
15 14 67 96 46  
15 15 104 77 37  
15 16 158 51 22  
15 17 206 27 12  
15 18 224 16 7  
15 19 242 8 3  
15 20 250 3 1  
15 21 252 1 0  
15 22 254 0 0  
15 23 254 0 0  
15 24 254 0 0  
15 25 254 0 0  
15 26 254 0 0  
15 27 254 0 0  
15 28 254 0 0  
15 29 254 1 2  
15 30 254 2 4  
15 31 254 5 7  
15 32 254 10 13  
15 33 254 15 18  
15 34 252 28 30  
15 35 254 37 38  
15 36 254 45 47  
15 37 252 53 55  
15 38 254 57 67  
15 39 250 51 74  
16 0 0 132 61  
16 1 0 131 61  
16 2 0 130 62  
16 3 0 129 63  
16 4 0 128 63  
16 5 0 128 63  
16 6 0 128 63  
16 7 0 128 63  
16 8 0 128 63  
16 9 1 127 63  
16 10 4 126 62  
16 11 7 124 61  
16 12 14 121 59  
16 13 36 111 54  
16 14 61 98 48  
16 15 97 80 39  
16 16 150 53 25  
16 17 204 27 12  
16 18 225 16 7  
16 19 241 8 3  
16 20 250 3 1  
16 21 253 1 0  
16 22 254 0 0  
16 23 254 0 0  
16 24 254 0 0  
16 25 254 0 0  
16 26 254 0 0  
16 27 254 0 0  
16 28 254 0 0  
16 29 254 1 1  
16 30 254 3 3  
16 31 254 8 7  
16 32 254 14 13  
16 33 254 23 19  
16 34 253 36 29  
16 35 252 49 41  
16 36 254 58 48  
16 37 251 65 49  
16 38 252 66 57  
16 39 252 76 60  
17 0 0 129 63  
17 1 0 129 64  
17 2 0 128 63  
17 3 0 127 63  
17 4 0 127 63  
17 5 0 127 63  
17 6 0 127 63  
17 7 0 127 63  
17 8 0 127 63  
17 9 0 127 63  
17 10 2 126 63  
17 11 5 125 62  
17 12 11 122 60  
17 13 28 114 57  
17 14 56 100 49  
17 15 91 83 40  
17 16 136 60 30  
17 17 191 33 15  
17 18 224 16 8  
17 19 237 10 4  
17 20 249 3 1  
17 21 252 1 0  
17 22 254 0 0  
17 23 254 0 0  
17 24 254 0 0  
17 25 254 0 0  
17 26 254 0 0  
17 27 254 0 0  
17 28 254 0 0  
17 29 254 2 1  
17 30 254 5 3  
17 31 254 12 8  
17 32 254 20 14  
17 33 254 33 23  
17 34 254 47 31  
17 35 253 59 40  
17 36 253 64 45  
17 37 250 73 47  
17 38 254 80 52  
17 39 247 78 55  
18 0 1 129 63  
18 1 0 128 64  
18 2 0 127 63  
18 3 0 127 63  
18 4 0 127 63  
18 5 0 127 63  
18 6 0 127 63  
18 7 0 127 63  
18 8 0 127 63  
18 9 0 127 63  
18 10 1 126 63  
18 11 4 125 62  
18 12 9 123 61  
18 13 23 116 58  
18 14 50 103 51  
18 15 82 87 44  
18 16 131 63 31  
18 17 183 36 18  
18 18 220 18 8  
18 19 234 11 5  
18 20 247 4 2  
18 21 252 1 1  
18 22 254 0 0  
18 23 254 0 0  
18 24 254 0 0  
18 25 254 0 0  
18 26 254 0 0  
18 27 254 0 0  
18 28 254 1 1  
18 29 254 4 2  
18 30 254 8 5  
18 31 254 16 10  
18 32 253 26 17  
18 33 254 45 29  
18 34 254 63 40  
18 35 254 75 47  
18 36 252 79 50  
18 37 252 84 54  
18 38 254 85 55  
18 39 254 81 58  
19 0 0 128 63  
19 1 0 127 63  
19 2 0 127 63  
19 3 0 127 63  
19 4 0 127 63  
19 5 0 127 63  
19 6 0 127 63  
19 7 0 127 63  
19 8 0 127 63  
19 9 0 127 63  
19 10 1 126 63  
19 11 3 125 62  
19 12 6 124 62  
19 13 19 117 59  
19 14 42 106 53  
19 15 76 89 45  
19 16 122 66 33  
19 17 175 41 20  
19 18 215 21 11  
19 19 231 12 6  
19 20 245 5 3  
19 21 251 2 1  
19 22 253 1 1  
19 23 254 0 0  
19 24 254 0 0  
19 25 254 0 0  
19 26 254 0 0  
19 27 254 1 1  
19 28 254 3 2  
19 29 254 6 4  
19 30 254 12 8  
19 31 254 23 14  
19 32 254 47 29  
19 33 254 71 45  
19 34 254 81 50  
19 35 254 86 53  
19 36 254 88 55  
19 37 254 92 57  
19 38 253 93 60  
19 39 252 93 61  
20 0 0 126 65  
20 1 0 126 64  
20 2 0 127 64  
20 3 0 127 63  
20 4 0 127 63  
20 5 0 127 63  
20 6 0 127 63  
20 7 0 127 63  
20 8 0 127 63  
20 9 0 127 63  
20 10 0 127 63  
20 11 3 126 63  
20 12 6 124 62  
20 13 14 120 60  
20 14 38 108 54  
20 15 62 96 49  
20 16 99 77 39  
20 17 160 48 24  
20 18 206 25 13  
20 19 223 16 9  
20 20 241 8 5  
20 21 249 3 3  
20 22 252 2 1  
20 23 254 1 1  
20 24 254 1 1  
20 25 254 1 1  
20 26 254 2 1  
20 27 254 4 2  
20 28 254 6 3  
20 29 254 12 7  
20 30 254 24 15  
20 31 254 48 30  
20 32 254 71 44  
20 33 254 82 51  
20 34 254 90 56  
20 35 254 93 58  
20 36 254 94 59  
20 37 254 97 60  
20 38 254 97 60  
20 39 252 98 60  
21 0 0 124 65  
21 1 0 125 65  
21 2 0 126 64  
21 3 0 127 64  
21 4 0 127 63  
21 5 0 127 63  
21 6 0 127 63  
21 7 0 127 63  
21 8 0 127 63  
21 9 0 127 63  
21 10 0 127 63  
21 11 3 125 63  
21 12 6 123 62  
21 13 13 120 61  
21 14 33 110 56  
21 15 61 96 49  
21 16 89 82 42  
21 17 146 54 28  
21 18 198 29 16  
21 19 216 19 11  
21 20 237 9 7  
21 21 247 5 4  
21 22 251 2 3  
21 23 254 3 2  
21 24 254 3 2  
21 25 254 3 2  
21 26 254 5 3  
21 27 254 8 5  
21 28 254 13 8  
21 29 254 21 13  
21 30 254 46 28  
21 31 254 68 42  
21 32 254 81 51  
21 33 254 89 55  
21 34 254 93 58  
21 35 254 95 59  
21 36 254 97 60  
21 37 254 99 61  
21 38 254 99 61  
21 39 254 99 62  
22 0 0 121 66  
22 1 0 124 65  
22 2 0 125 64  
22 3 0 126 64  
22 4 0 127 63  
22 5 0 127 63  
22 6 0 127 63  
22 7 0 127 63  
22 8 0 127 63  
22 9 0 127 63  
22 10 0 126 63  
22 11 3 125 63  
22 12 6 123 62  
22 13 12 121 61  
22 14 32 110 57  
22 15 60 97 50  
22 16 74 90 46  
22 17 131 61 32  
22 18 187 33 19  
22 19 205 24 15  
22 20 233 11 10  
22 21 243 7 7  
22 22 251 4 5  
22 23 252 5 4  
22 24 254 7 4  
22 25 254 7 4  
22 26 254 10 6  
22 27 254 15 9  
22 28 254 20 12  
22 29 254 42 26  
22 30 254 68 42  
22 31 254 81 50  
22 32 254 89 55  
22 33 254 94 59  
22 34 254 97 60  
22 35 254 98 61  
22 36 254 99 62  
22 37 254 100 62  
22 38 254 100 62  
22 39 253 100 63  
23 0 0 114 70  
23 1 0 119 68  
23 2 0 122 66  
23 3 0 124 65  
23 4 0 126 64  
23 5 0 126 64  
23 6 0 126 64  
23 7 0 126 64  
23 8 0 126 64  
23 9 0 126 64  
23 10 0 126 64  
23 11 2 125 63  
23 12 6 121 66  
23 13 13 117 66  
23 14 25 108 67  
23 15 52 101 52  
23 16 78 88 46  
23 17 115 69 38  
23 18 170 41 25  
23 19 193 30 20  
23 20 226 15 14  
23 21 238 10 12  
23 22 248 8 9  
23 23 252 11 9  
23 24 253 12 8  
23 25 254 13 8  
23 26 254 19 11  
23 27 254 27 16  
23 28 254 37 23  
23 29 254 68 42  
23 30 254 80 49  
23 31 254 89 55  
23 32 254 95 58  
23 33 254 98 61  
23 34 254 99 61  
23 35 254 100 62  
23 36 254 101 63  
23 37 254 101 63  
23 38 254 101 62  
23 39 254 102 63  
24 0 0 104 75  
24 1 0 112 71  
24 2 0 116 69  
24 3 0 120 67  
24 4 0 122 66  
24 5 0 124 65  
24 6 0 125 65  
24 7 0 125 64  
24 8 0 124 66  
24 9 0 123 68  
24 10 0 121 71  
24 11 1 119 73  
24 12 5 113 79  
24 13 10 106 84  
24 14 18 96 91  
24 15 27 92 89  
24 16 53 76 86  
24 17 117 56 53  
24 18 140 43 50  
24 19 188 33 25  
24 20 216 18 20  
24 21 235 14 17  
24 22 246 12 12  
24 23 251 17 13  
24 24 252 18 12  
24 25 254 22 13  
24 26 254 29 18  
24 27 254 39 23  
24 28 254 58 35  
24 29 254 80 49  
24 30 254 89 54  
24 31 254 93 57  
24 32 254 98 60  
24 33 254 99 61  
24 34 254 100 62  
24 35 254 101 63  
24 36 254 101 63  
24 37 254 102 63  
24 38 254 102 63  
24 39 254 102 63  
25 0 0 83 86  
25 1 0 97 79  
25 2 0 106 74  
25 3 0 113 71  
25 4 0 116 69  
25 5 0 119 68  
25 6 0 120 68  
25 7 0 120 69  
25 8 0 120 71  
25 9 0 116 77  
25 10 0 113 82  
25 11 0 108 90  
25 12 2 96 106  
25 13 9 83 120  
25 14 15 79 122  
25 15 19 75 122  
25 16 41 60 123  
25 17 76 39 121  
25 18 118 34 85  
25 19 158 30 59  
25 20 211 20 24  
25 21 228 18 22  
25 22 245 22 19  
25 23 249 27 20  
25 24 249 27 19  
25 25 253 35 20  
25 26 253 50 28  
25 27 253 55 31  
25 28 254 73 43  
25 29 254 88 53  
25 30 254 93 57  
25 31 254 96 59  
25 32 254 99 61  
25 33 254 100 62  
25 34 254 101 63  
25 35 254 101 63  
25 36 254 101 63  
25 37 254 102 63  
25 38 254 102 63  
25 39 254 102 63  
26 0 0 58 99  
26 1 0 71 93  
26 2 0 86 85  
26 3 0 95 80  
26 4 0 105 76  
26 5 0 108 75  
26 6 0 111 75  
26 7 0 111 78  
26 8 0 110 81  
26 9 0 105 91  
26 10 0 102 98  
26 11 0 89 116  
26 12 1 81 129  
26 13 4 73 139  
26 14 11 69 139  
26 15 20 59 145  
26 16 32 48 149  
26 17 48 39 148  
26 18 86 31 124  
26 19 128 19 105  
26 20 160 20 80  
26 21 205 19 47  
26 22 240 36 24  
26 23 247 41 27  
26 24 251 52 24  
26 25 252 61 30  
26 26 254 69 36  
26 27 254 77 40  
26 28 254 86 48  
26 29 254 94 55  
26 30 254 97 58  
26 31 254 98 60  
26 32 254 100 61  
26 33 254 101 63  
26 34 254 101 63  
26 35 254 101 63  
26 36 254 102 63  
26 37 254 102 63  
26 38 254 102 63  
26 39 254 102 63  
27 0 0 38 109  
27 1 0 41 108  
27 2 0 65 96  
27 3 0 74 92  
27 4 0 84 87  
27 5 0 89 87  
27 6 0 96 87  
27 7 0 95 95  
27 8 0 94 101  
27 9 0 90 109  
27 10 0 83 123  
27 11 0 62 155  
27 12 0 59 161  
27 13 2 57 165  
27 14 5 49 174  
27 15 14 40 179  
27 16 31 34 171  
27 17 40 36 161  
27 18 68 26 154  
27 19 95 21 141  
27 20 129 22 118  
27 21 170 29 85  
27 22 219 48 50  
27 23 246 63 31  
27 24 249 76 32  
27 25 252 97 39  
27 26 253 99 43  
27 27 254 100 46  
27 28 254 101 52  
27 29 254 103 57  
27 30 254 101 59  
27 31 254 101 61  
27 32 254 102 62  
27 33 254 102 63  
27 34 254 102 63  
27 35 254 102 63  
27 36 254 102 63  
27 37 254 102 63  
27 38 254 102 63  
27 39 254 103 63  
28 0 0 23 116  
28 1 0 25 115  
28 2 0 31 113  
28 3 0 39 110  
28 4 0 53 107  
28 5 0 61 106  
28 6 0 64 110  
28 7 0 70 116  
28 8 0 65 131  
28 9 0 57 152  
28 10 0 49 171  
28 11 0 41 187  
28 12 0 36 194  
28 13 0 32 202  
28 14 2 28 207  
28 15 7 22 210  
28 16 15 25 202  
28 17 36 25 181  
28 18 65 23 165  
28 19 82 26 157  
28 20 110 39 147  
28 21 131 42 128  
28 22 176 82 94  
28 23 247 130 41  
28 24 249 133 41  
28 25 252 136 44  
28 26 253 141 48  
28 27 254 134 50  
28 28 254 127 55  
28 29 254 116 59  
28 30 254 110 61  
28 31 254 109 62  
28 32 254 105 62  
28 33 254 103 63  
28 34 254 102 63  
28 35 254 102 63  
28 36 254 102 63  
28 37 254 102 63  
28 38 254 103 63  
28 39 254 103 64  
29 0 0 11 122  
29 1 0 13 121  
29 2 0 15 121  
29 3 0 21 120  
29 4 0 26 122  
29 5 0 32 128  
29 6 0 34 133  
29 7 0 37 140  
29 8 0 34 171  
29 9 0 33 187  
29 10 0 30 198  
29 11 0 26 210  
29 12 0 21 218  
29 13 0 18 224  
29 14 1 15 228  
29 15 3 15 225  
29 16 7 17 219  
29 17 22 12 216  
29 18 48 22 195  
29 19 83 34 167  
29 20 107 58 153  
29 21 126 75 141  
29 22 163 116 113  
29 23 217 150 73  
29 24 249 173 51  
29 25 250 174 50  
29 26 252 161 52  
29 27 254 150 54  
29 28 253 144 57  
29 29 254 125 60  
29 30 254 119 61  
29 31 254 113 62  
29 32 254 110 62  
29 33 254 106 62  
29 34 254 105 63  
29 35 254 103 63  
29 36 254 103 63  
29 37 254 103 63  
29 38 254 104 64  
29 39 254 105 63  
30 0 0 3 126  
30 1 0 4 126  
30 2 0 7 125  
30 3 0 11 125  
30 4 0 14 127  
30 5 0 19 135  
30 6 0 24 144  
30 7 0 21 170  
30 8 0 21 190  
30 9 0 18 207  
30 10 0 14 223  
30 11 0 12 231  
30 12 0 9 237  
30 13 0 7 239  
30 14 1 8 238  
30 15 1 8 237  
30 16 4 7 236  
30 17 16 14 229  
30 18 34 20 218  
30 19 67 41 192  
30 20 104 67 162  
30 21 127 95 145  
30 22 161 127 116  
30 23 202 160 88  
30 24 236 190 63  
30 25 251 204 51  
30 26 253 206 51  
30 27 254 199 53  
30 28 254 192 54  
30 29 254 155 58  
30 30 254 132 60  
30 31 254 121 61  
30 32 254 115 62  
30 33 254 112 62  
30 34 254 108 62  
30 35 254 106 63  
30 36 254 104 63  
30 37 254 104 64  
30 38 254 105 64  
30 39 253 107 65  
31 0 0 1 127  
31 1 0 1 127  
31 2 0 2 127  
31 3 0 3 129  
31 4 0 5 133  
31 5 0 9 139  
31 6 0 11 156  
31 7 0 10 187  
31 8 0 8 208  
31 9 0 7 227  
31 10 0 5 235  
31 11 0 3 244  
31 12 0 3 246  
31 13 0 3 247  
31 14 0 3 247  
31 15 0 2 248  
31 16 3 6 242  
31 17 11 11 239  
31 18 31 24 225  
31 19 52 42 207  
31 20 95 76 171  
31 21 128 108 145  
31 22 167 150 114  
31 23 206 188 87  
31 24 241 215 60  
31 25 251 224 52  
31 26 253 223 52  
31 27 253 218 53  
31 28 254 211 53  
31 29 254 199 55  
31 30 254 160 58  
31 31 254 143 59  
31 32 254 126 61  
31 33 254 116 62  
31 34 254 114 62  
31 35 254 110 62  
31 36 254 109 63  
31 37 253 108 64  
31 38 254 108 65  
31 39 254 107 64  
32 0 0 0 127  
32 1 0 0 127  
32 2 0 0 128  
32 3 0 1 129  
32 4 0 2 133  
32 5 0 3 141  
32 6 0 4 166  
32 7 0 4 198  
32 8 0 3 220  
32 9 0 3 233  
32 10 0 2 244  
32 11 0 2 248  
32 12 0 1 250  
32 13 0 0 251  
32 14 0 1 251  
32 15 1 2 250  
32 16 4 4 249  
32 17 14 13 240  
32 18 24 22 231  
32 19 50 48 210  
32 20 87 81 181  
32 21 153 144 129  
32 22 192 185 97  
32 23 214 205 81  
32 24 234 221 67  
32 25 252 236 52  
32 26 253 237 52  
32 27 254 236 51  
32 28 254 230 52  
32 29 254 223 53  
32 30 254 202 55  
32 31 254 169 57  
32 32 254 146 60  
32 33 254 133 61  
32 34 254 120 62  
32 35 253 117 63  
32 36 254 113 64  
32 37 253 112 64  
32 38 253 111 63  
32 39 250 109 64  
33 0 0 0 127  
33 1 0 0 127  
33 2 0 0 128  
33 3 0 0 129  
33 4 0 1 132  
33 5 0 2 143  
33 6 0 2 168  
33 7 0 3 202  
33 8 0 2 225  
33 9 0 1 241  
33 10 0 1 247  
33 11 0 0 251  
33 12 0 0 253  
33 13 0 0 253  
33 14 0 0 253  
33 15 0 1 252  
33 16 3 2 251  
33 17 10 9 244  
33 18 26 25 231  
33 19 46 43 215  
33 20 96 94 176  
33 21 160 158 124  
33 22 200 197 92  
33 23 222 219 75  
33 24 239 233 63  
33 25 252 244 52  
33 26 253 246 52  
33 27 254 246 52  
33 28 253 242 52  
33 29 254 238 52  
33 30 254 230 53  
33 31 254 219 54  
33 32 254 184 57  
33 33 254 155 60  
33 34 253 139 60  
33 35 253 127 62  
33 36 253 125 62  
33 37 252 122 65  
33 38 250 117 66  
33 39 253 114 63  
34 0 0 0 127  
34 1 0 0 127  
34 2 0 0 128  
34 3 0 0 129  
34 4 0 0 132  
34 5 0 0 143  
34 6 0 1 172  
34 7 0 1 208  
34 8 0 1 229  
34 9 0 0 243  
34 10 0 0 250  
34 11 0 0 252  
34 12 0 0 254  
34 13 0 0 254  
34 14 0 0 254  
34 15 1 1 253  
34 16 3 3 251  
34 17 10 10 244  
34 18 25 25 232  
34 19 55 55 208  
34 20 105 104 169  
34 21 174 173 113  
34 22 214 213 81  
34 23 230 229 70  
34 24 240 238 61  
34 25 250 246 54  
34 26 254 249 52  
34 27 254 250 51  
34 28 254 248 51  
34 29 254 245 52  
34 30 254 240 52  
34 31 254 236 53  
34 32 253 227 54  
34 33 254 205 56  
34 34 254 179 58  
34 35 252 153 60  
34 36 251 143 63  
34 37 253 139 62  
34 38 254 130 62  
34 39 245 132 65  
35 0 0 0 127  
35 1 0 0 127  
35 2 0 0 128  
35 3 0 0 130  
35 4 0 0 133  
35 5 0 0 144  
35 6 0 1 173  
35 7 0 0 210  
35 8 0 0 230  
35 9 0 0 244  
35 10 0 0 251  
35 11 0 0 253  
35 12 0 0 254  
35 13 0 0 254  
35 14 0 0 254  
35 15 0 0 253  
35 16 3 3 251  
35 17 11 11 244  
35 18 29 28 230  
35 19 69 69 198  
35 20 115 115 160  
35 21 193 192 98  
35 22 226 225 73  
35 23 234 232 67  
35 24 245 244 57  
35 25 252 249 53  
35 26 254 252 51  
35 27 254 252 51  
35 28 254 252 51  
35 29 254 250 51  
35 30 254 248 51  
35 31 254 242 52  
35 32 254 239 53  
35 33 253 227 54  
35 34 254 214 54  
35 35 252 203 55  
35 36 250 174 63  
35 37 248 157 59  
35 38 251 156 65  
35 39 245 132 70  
36 0 0 0 127  
36 1 0 0 128  
36 2 0 0 128  
36 3 0 0 131  
36 4 0 0 135  
36 5 0 0 147  
36 6 0 0 180  
36 7 0 0 214  
36 8 0 0 230  
36 9 0 0 244  
36 10 0 0 250  
36 11 0 0 253  
36 12 0 0 254  
36 13 0 0 254  
36 14 0 0 254  
36 15 1 1 253  
36 16 4 4 250  
36 17 12 13 243  
36 18 35 35 225  
36 19 74 73 194  
36 20 125 124 154  
36 21 201 200 93  
36 22 229 228 70  
36 23 241 240 61  
36 24 249 248 55  
36 25 253 252 52  
36 26 254 253 51  
36 27 254 254 51  
36 28 254 253 51  
36 29 254 253 51  
36 30 254 252 51  
36 31 254 248 51  
36 32 254 244 51  
36 33 254 236 53  
36 34 254 227 55  
36 35 253 215 54  
36 36 252 196 56  
36 37 247 178 63  
36 38 254 162 64  
36 39 245 155 75  
37 0 0 0 128  
37 1 0 0 128  
37 2 0 0 130  
37 3 0 0 133  
37 4 0 0 139  
37 5 0 0 153  
37 6 0 0 183  
37 7 0 0 210  
37 8 0 0 228  
37 9 0 0 244  
37 10 0 0 249  
37 11 0 0 252  
37 12 0 0 253  
37 13 0 0 253  
37 14 1 0 253  
37 15 2 2 252  
37 16 7 8 247  
37 17 14 15 241  
37 18 44 44 217  
37 19 88 87 183  
37 20 147 146 136  
37 21 211 211 84  
37 22 233 233 66  
37 23 244 244 58  
37 24 251 251 53  
37 25 254 253 51  
37 26 254 254 51  
37 27 254 254 51  
37 28 254 254 51  
37 29 254 253 51  
37 30 254 253 51  
37 31 254 251 52  
37 32 254 247 51  
37 33 254 246 53  
37 34 254 238 52  
37 35 250 227 57  
37 36 252 212 58  
37 37 245 190 56  
37 38 249 190 59  
37 39 253 184 73  
38 0 0 0 129  
38 1 0 0 129  
38 2 0 0 132  
38 3 0 0 136  
38 4 0 0 142  
38 5 1 0 156  
38 6 0 0 185  
38 7 1 0 206  
38 8 0 0 227  
38 9 0 0 237  
38 10 0 0 247  
38 11 0 0 250  
38 12 0 0 252  
38 13 0 0 252  
38 14 1 1 252  
38 15 4 5 249  
38 16 11 11 244  
38 17 24 23 233  
38 18 57 58 207  
38 19 107 107 167  
38 20 173 173 115  
38 21 222 223 75  
38 22 239 239 63  
38 23 247 247 56  
38 24 252 252 53  
38 25 254 254 51  
38 26 254 254 51  
38 27 254 254 51  
38 28 254 254 51  
38 29 254 254 51  
38 30 254 253 51  
38 31 254 252 51  
38 32 254 250 51  
38 33 253 247 51  
38 34 252 244 54  
38 35 253 236 53  
38 36 246 231 57  
38 37 252 211 60  
38 38 236 207 64  
38 39 237 191 60  
39 0 0 1 131  
39 1 1 0 132  
39 2 0 1 134  
39 3 0 0 142  
39 4 1 1 151  
39 5 1 1 159  
39 6 0 1 176  
39 7 0 0 203  
39 8 1 1 223  
39 9 0 1 236  
39 10 1 0 242  
39 11 1 0 248  
39 12 0 1 249  
39 13 2 2 250  
39 14 3 3 250  
39 15 8 8 246  
39 16 21 20 236  
39 17 28 28 228  
39 18 75 76 191  
39 19 120 121 156  
39 20 196 196 97  
39 21 227 227 72  
39 22 240 240 62  
39 23 248 248 56  
39 24 253 253 52  
39 25 254 254 51  
39 26 254 254 51  
39 27 254 254 51  
39 28 254 254 51  
39 29 254 254 51  
39 30 254 254 51  
39 31 253 252 51  
39 32 253 251 52  
39 33 253 249 53  
39 34 251 242 54  
39 35 248 239 57  
39 36 248 232 57  
39 37 243 218 65  
39 38 250 203 67  
39 39 225 182 69  
